1	
Russell Westbrook
OKC	28	72	41	31	34.6	31.3	10.0	23.8	42.2	2.3	6.8	33.6	9.0	10.7	83.9	1.7	8.8	10.5	10.4	5.4	1.6	0.4	2.4	54	36	3.3
2	
James Harden
HOU	27	73	51	22	36.5	29.4	8.5	18.9	44.8	3.2	9.1	35.2	9.3	10.9	84.8	1.1	6.9	8.0	11.3	5.8	1.5	0.4	2.6	58	19	6.0
3	
Isaiah Thomas
BOS	28	68	46	22	34.1	29.1	9.0	19.6	46.2	3.2	8.5	37.9	7.8	8.6	91.1	0.5	2.1	2.6	5.9	2.7	0.9	0.1	2.3	5	0	3.7
4	
Anthony Davis
NOP	24	69	29	40	36.1	27.8	10.2	20.1	50.6	0.5	1.7	30.8	7.0	8.7	79.7	2.3	9.6	11.9	2.1	2.5	1.2	2.2	2.3	45	0	0.3
5	
DeMar DeRozan
TOR	27	66	41	25	35.4	27.1	9.7	20.9	46.5	0.4	1.7	25.7	7.2	8.5	84.7	1.0	4.4	5.3	3.8	2.4	1.1	0.2	1.8	4	0	1.9
6	
Damian Lillard
POR	26	68	33	35	35.8	26.8	8.8	19.7	44.8	2.8	7.5	36.9	6.4	7.1	89.7	0.6	4.3	4.9	5.8	2.7	0.9	0.3	2.1	10	0	0.8
7	
DeMarcus Cousins
NOP	26	68	28	40	34.0	26.8	8.9	19.9	44.9	1.8	4.9	35.7	7.1	9.3	76.7	2.1	8.7	10.8	4.6	3.7	1.4	1.3	3.8	42	2	-0.8
8	
LeBron James
CLE	32	66	47	19	37.6	26.1	9.8	17.9	54.4	1.7	4.6	37.6	4.9	7.1	68.2	1.2	7.2	8.4	8.8	4.2	1.3	0.6	1.7	37	10	6.6
9	
Kawhi Leonard
SAS	25	65	50	15	33.8	26.0	8.6	17.8	48.5	2.0	5.2	37.8	6.7	7.6	88.4	1.1	4.8	5.9	3.5	2.1	1.8	0.7	1.7	8	0	6.2
10	
Kyrie Irving
CLE	25	64	43	21	35.1	25.5	9.4	19.9	47.3	2.5	6.3	39.3	4.2	4.7	90.6	0.7	2.6	3.3	5.8	2.6	1.2	0.3	2.1	8	0	4.8
11	
Kevin Durant
GSW	28	59	49	10	33.6	25.3	8.9	16.7	53.7	1.9	5.0	37.8	5.5	6.3	87.6	0.6	7.6	8.2	4.8	2.3	1.1	1.6	1.9	21	1	11.1
12	
Stephen Curry
GSW	29	71	58	13	33.5	24.8	8.4	18.1	46.3	4.0	9.9	40.0	4.1	4.5	91.8	0.8	3.7	4.4	6.5	3.0	1.8	0.2	2.3	6	0	12.5
13	
Karl-Anthony Towns
MIN	21	72	28	44	36.9	24.5	9.6	17.9	53.5	1.2	3.3	35.0	4.2	5.1	82.1	3.6	8.5	12.1	2.7	2.6	0.6	1.4	2.9	54	1	-0.4
14	
Jimmy Butler
CHI	27	68	34	34	36.9	23.5	7.3	16.3	44.8	1.1	3.4	34.2	7.8	9.0	86.4	1.7	4.5	6.2	5.5	2.1	1.9	0.4	1.5	14	1	2.0
15	
Bradley Beal
WAS	23	69	44	25	34.7	23.1	8.2	17.1	48.1	2.9	7.3	40.5	3.7	4.5	82.3	0.7	2.5	3.2	3.5	2.0	1.1	0.2	2.2	1	0	4.9
16	
Giannis Antetokounmpo
MIL	22	72	37	35	35.4	23.1	8.3	15.9	52.5	0.6	2.3	27.7	5.8	7.4	77.8	1.8	6.8	8.6	5.3	2.9	1.7	1.9	3.2	27	2	0.8
17	
CJ McCollum
POR	25	73	35	38	34.9	23.1	8.7	17.9	48.5	2.4	5.6	42.4	3.4	3.7	90.8	0.7	2.9	3.6	3.5	2.2	0.9	0.5	2.6	1	0	0.1
18	
Andrew Wiggins
MIN	22	72	28	44	37.2	23.1	8.5	18.8	45.2	1.2	3.4	35.2	4.9	6.5	75.8	1.3	2.8	4.0	2.4	2.3	1.0	0.4	2.3	1	0	-0.1
19	
John Wall
WAS	26	71	45	26	36.5	23.0	8.2	18.4	44.8	1.1	3.5	31.3	5.5	6.8	80.7	0.8	3.4	4.2	10.8	4.1	2.0	0.6	1.9	47	0	4.0
20	
Kemba Walker
CHA	26	72	33	39	34.6	22.9	8.1	18.1	44.7	2.9	7.3	40.2	3.8	4.5	85.0	0.5	3.5	4.0	5.5	2.2	1.1	0.3	1.5	8	0	2.9
21	
Kyle Lowry
TOR	31	56	32	24	37.7	22.8	7.2	15.5	46.3	3.3	7.9	41.7	5.1	6.1	82.6	0.8	3.9	4.7	6.9	2.8	1.4	0.3	2.9	9	1	5.8
22	
Carmelo Anthony
NYK	32	69	26	43	34.5	22.7	8.2	18.9	43.5	2.1	5.8	36.0	4.2	5.0	83.3	0.9	5.1	6.0	2.9	2.1	0.8	0.5	2.7	7	0	-3.2
23	
Paul George
IND	26	66	34	32	35.4	22.6	7.8	17.5	44.9	2.4	6.3	38.4	4.5	5.0	90.5	0.8	5.7	6.4	3.3	3.0	1.5	0.3	2.8	8	0	1.7
24	
Klay Thompson
GSW	27	70	58	12	34.1	22.2	8.2	17.5	47.1	3.4	8.1	41.8	2.3	2.8	85.0	0.6	3.0	3.6	2.0	1.7	0.8	0.5	1.8	0	0	10.5
25	
Gordon Hayward
UTA	27	66	41	25	34.5	21.8	7.3	15.8	46.4	2.0	5.2	39.2	5.1	6.0	85.0	0.7	4.8	5.5	3.5	1.9	1.0	0.3	1.6	2	0	4.5
26	
Devin Booker
PHX	20	72	22	50	34.9	21.6	7.6	18.0	42.3	1.9	5.1	36.4	4.5	5.4	83.8	0.6	2.6	3.2	3.2	3.0	0.9	0.3	3.1	0	0	-3.3
27	
Blake Griffin
LAC	28	54	33	21	33.8	21.1	7.7	16.0	48.1	0.6	1.7	33.0	5.2	6.9	74.9	1.9	6.3	8.2	4.9	2.4	0.9	0.4	2.5	18	1	5.9
28	
Eric Bledsoe
PHX	27	66	22	44	33.0	21.1	6.8	15.7	43.4	1.6	4.7	33.5	5.9	6.9	84.7	0.8	4.1	4.8	6.3	3.4	1.4	0.5	2.5	7	1	-2.8
29	
Brook Lopez
BKN	28	67	16	51	29.6	20.6	7.4	15.6	47.2	1.8	5.1	35.0	4.1	5.0	81.3	1.6	3.7	5.3	2.3	2.5	0.5	1.6	2.7	2	0	-2.6
30	
Joel Embiid
PHI	23	31	13	18	25.4	20.2	6.5	13.8	46.6	1.2	3.2	36.7	6.2	7.9	78.3	2.0	5.9	7.8	2.1	3.8	0.9	2.5	3.6	9	0	2.2
31	
Mike Conley
MEM	29	61	32	29	33.4	20.1	6.5	14.5	45.2	2.4	5.9	40.2	4.7	5.5	85.6	0.5	3.1	3.6	6.3	2.3	1.3	0.3	1.8	7	0	2.2
32	
Jabari Parker
MIL	22	51	22	29	33.9	20.1	7.8	16.0	49.0	1.3	3.5	36.5	3.2	4.3	74.3	1.5	4.6	6.2	2.8	1.8	1.0	0.4	2.2	2	0	-1.7
33	
Goran Dragic
MIA	30	64	34	30	33.4	20.0	7.2	15.2	47.5	1.6	4.0	41.2	3.9	4.9	79.1	0.9	3.0	3.9	5.9	3.0	1.2	0.2	2.8	6	0	0.9
34	
Marc Gasol
MEM	32	69	39	30	34.6	19.9	7.3	15.9	46.0	1.4	3.7	38.1	3.8	4.6	83.0	0.8	5.4	6.3	4.6	2.2	0.9	1.3	2.3	10	2	0.7
35	
Harrison Barnes
DAL	24	72	31	41	35.8	19.7	7.8	16.7	47.0	1.0	2.8	34.2	3.1	3.6	85.7	1.2	3.9	5.2	1.5	1.3	0.9	0.2	1.6	1	0	-1.4
36	
Kevin Love
CLE	28	51	36	15	31.3	19.5	6.2	14.5	43.0	2.5	6.6	38.1	4.5	5.2	87.5	2.5	8.5	11.0	1.8	2.0	0.9	0.3	1.8	34	0	6.1
37	
Zach LaVine
MIN	22	47	16	31	37.2	18.9	6.9	15.1	45.9	2.6	6.6	38.7	2.5	3.0	83.6	0.4	3.0	3.4	3.0	1.8	0.9	0.2	2.2	0	0	-2.5
38	
Rudy Gay
SAC	30	30	11	19	33.8	18.7	6.7	14.7	45.5	1.4	3.8	37.2	3.9	4.6	85.5	1.2	5.2	6.3	2.8	2.5	1.5	0.9	2.6	4	0	2.3
39	
Dwyane Wade
CHI	35	57	27	30	30.2	18.6	7.0	16.2	43.4	0.8	2.5	31.5	3.8	4.8	79.3	1.1	3.4	4.5	3.9	2.2	1.5	0.7	1.9	2	0	-1.7
40	
Paul Millsap
ATL	32	65	37	28	34.3	18.1	6.3	14.2	44.3	1.1	3.5	31.4	4.4	5.8	76.1	1.6	6.1	7.7	3.8	2.3	1.3	1.0	2.7	18	0	1.6
41	
Kristaps Porzingis
NYK	21	62	24	38	32.7	18.0	6.6	15.0	44.3	1.7	4.9	35.8	3.0	3.8	79.1	1.7	5.5	7.3	1.4	1.8	0.7	2.0	3.7	12	0	-1.5
42	
Dennis Schroder
ATL	23	72	37	35	31.2	17.9	6.9	15.3	45.0	1.3	3.7	33.8	2.9	3.4	84.9	0.5	2.5	3.0	6.3	3.2	0.9	0.2	1.8	10	0	-1.1
43	
Derrick Rose
NYK	28	63	25	38	32.5	17.9	7.1	15.2	46.7	0.2	1.0	21.7	3.5	4.0	87.2	1.0	2.8	3.8	4.4	2.3	0.7	0.3	1.3	2	0	-2.8
44	
Lou Williams
HOU	30	73	30	43	24.1	17.8	5.4	12.3	43.9	2.2	5.5	38.9	4.9	5.5	87.9	0.3	2.0	2.3	3.0	1.9	1.0	0.2	1.2	0	0	0.8
45	
LaMarcus Aldridge
SAS	31	64	49	15	32.6	17.6	7.0	14.8	47.6	0.3	0.7	44.7	3.2	3.9	81.3	2.4	5.0	7.5	2.1	1.4	0.6	1.1	2.2	17	0	4.0
46	
Danilo Gallinari
DEN	28	56	28	28	33.6	17.6	5.1	11.5	44.0	1.9	4.8	38.5	5.6	6.3	90.0	0.6	4.4	5.1	2.1	1.3	0.7	0.3	1.5	3	0	1.9
47	
Chris Paul
LAC	31	54	36	18	31.2	17.4	5.9	12.7	46.4	2.1	5.1	40.5	3.6	4.1	88.2	0.7	4.3	5.0	9.1	2.4	2.0	0.1	2.5	20	1	8.5
48	
George Hill
UTA	30	46	30	16	32.0	16.9	5.9	12.5	47.0	1.8	4.7	39.0	3.3	4.1	80.0	0.5	3.0	3.5	4.1	1.8	1.0	0.2	2.3	0	0	5.1
49	
Evan Fournier
ORL	24	60	22	38	32.8	16.9	6.0	13.7	43.5	1.8	5.2	34.4	3.2	4.0	79.6	0.7	2.6	3.3	3.1	2.1	1.0	0.1	2.7	1	0	-2.2
50	
Hassan Whiteside
MIA	27	68	33	35	32.7	16.9	7.0	12.6	56.0	0.0	0.0	0.0	2.8	4.5	61.8	3.8	10.4	14.2	0.7	2.0	0.8	2.1	2.9	51	0	0.7
51	
Avery Bradley
BOS	26	49	31	18	33.3	16.7	6.7	14.3	47.1	2.0	5.0	40.8	1.2	1.7	74.1	1.1	5.0	6.1	2.3	1.7	1.3	0.2	2.5	9	0	1.4
52	
Eric Gordon
HOU	28	67	47	20	30.7	16.5	5.6	13.5	41.3	3.4	8.9	38.0	2.0	2.3	83.4	0.4	2.2	2.6	2.7	1.7	0.7	0.5	2.0	0	0	4.7
53	
Victor Oladipo
OKC	24	57	33	24	33.2	16.4	6.4	14.0	45.3	2.0	5.3	38.3	1.7	2.3	75.2	0.6	3.7	4.3	2.5	1.6	1.2	0.3	2.3	2	0	2.6
54	
Nikola Jokic
DEN	22	64	32	32	27.2	16.3	6.6	11.3	58.3	0.6	1.7	34.2	2.5	3.1	82.7	3.0	6.6	9.6	4.7	2.3	0.8	0.7	2.9	33	5	4.2
55	
Tobias Harris
DET	24	73	34	39	31.5	16.2	6.3	13.0	48.5	1.3	3.7	33.7	2.4	2.8	85.4	0.7	4.4	5.1	1.7	1.2	0.7	0.5	1.6	3	0	-0.5
56	
Wilson Chandler
DEN	29	63	31	32	31.2	16.0	6.2	13.5	46.0	1.5	4.6	33.4	2.0	2.8	73.6	1.5	5.0	6.5	2.1	1.7	0.8	0.4	2.4	8	0	-0.3
57	
Dion Waiters
MIA	25	46	27	19	30.1	15.8	6.1	14.4	42.4	1.8	4.7	39.5	1.8	2.8	64.6	0.4	2.9	3.3	4.3	2.2	0.9	0.4	2.1	2	0	1.8
58	
Jrue Holiday
NOP	26	58	29	29	32.8	15.7	6.2	13.6	45.5	1.6	4.2	37.0	1.8	2.6	69.7	0.7	3.3	4.0	7.2	3.0	1.6	0.7	2.1	14	0	0.8
59	
D'Angelo Russell
LAL	21	57	18	39	28.1	15.5	5.6	13.6	40.9	2.1	5.9	36.0	2.2	2.9	75.6	0.5	2.9	3.5	4.7	2.6	1.4	0.3	2.1	2	0	-5.3
60	
Nicolas Batum
CHA	28	68	32	36	34.5	15.3	5.1	12.8	40.1	1.8	5.4	34.0	3.2	3.7	85.8	0.6	5.9	6.5	5.9	2.7	1.1	0.4	1.5	15	1	1.3
61	
Jeff Teague
IND	28	73	37	36	32.3	15.3	5.0	11.2	44.4	1.1	3.0	37.0	4.3	4.9	86.4	0.4	3.8	4.2	7.8	2.8	1.3	0.4	2.1	14	0	0.0
62	
Serge Ibaka
TOR	27	71	31	40	30.8	15.0	6.1	12.6	48.3	1.5	3.9	39.4	1.3	1.5	86.1	1.7	5.1	6.8	1.0	1.3	0.5	1.6	2.7	10	0	-2.6
63	
Khris Middleton
MIL	25	21	14	7	29.2	14.9	5.1	11.2	46.0	1.5	3.3	44.3	3.1	3.6	88.0	0.3	3.4	3.7	3.5	2.2	1.5	0.3	2.6	0	0	1.4
64	
Nikola Vucevic
ORL	26	66	25	41	28.8	14.8	6.5	13.7	47.3	0.3	1.0	28.4	1.5	2.2	66.9	2.4	7.9	10.3	2.8	1.7	1.0	1.0	2.4	32	0	-1.8
65	
JJ Redick
LAC	32	71	43	28	27.8	14.7	5.0	11.4	44.2	2.5	5.9	41.8	2.2	2.5	88.2	0.2	2.0	2.2	1.4	1.3	0.7	0.1	1.6	0	0	5.1
66	
Gary Harris
DEN	22	49	25	24	30.4	14.7	5.5	11.0	49.7	1.9	4.4	42.9	1.8	2.3	78.9	0.8	2.1	2.9	2.6	1.3	1.3	0.2	1.6	0	0	1.5
67	
Jordan Clarkson
LAL	24	73	21	52	28.8	14.7	5.8	13.0	44.6	1.4	4.2	32.9	1.7	2.2	80.3	0.6	2.4	3.0	2.5	2.0	1.2	0.1	1.9	0	0	-5.0
68	
Myles Turner
IND	21	72	37	35	31.1	14.7	5.6	10.8	51.2	0.5	1.5	34.0	3.1	3.8	80.0	1.7	5.5	7.2	1.3	1.3	0.9	2.1	3.3	13	0	1.5
69	
Enes Kanter
OKC	24	62	37	25	21.6	14.7	5.7	10.2	56.0	0.1	0.6	13.9	3.1	3.9	79.5	2.7	4.2	6.9	1.0	1.7	0.5	0.6	2.1	17	0	1.4
70	
Reggie Jackson
DET	26	52	23	29	27.4	14.5	5.5	13.0	41.9	1.3	3.5	35.9	2.3	2.6	86.8	0.4	1.8	2.2	5.2	2.2	0.7	0.1	2.5	4	0	-4.3
71	
Andre Drummond
DET	23	72	33	39	30.1	14.4	6.3	11.8	53.2	0.0	0.1	28.6	1.8	4.5	39.6	4.3	9.7	14.0	1.0	1.9	1.6	1.1	2.9	47	0	-3.4
72	
Bojan Bogdanovic
WAS	27	72	19	53	26.3	14.4	4.8	10.8	44.7	1.8	5.0	36.8	2.8	3.2	89.1	0.5	3.0	3.5	1.4	1.7	0.4	0.1	1.8	0	0	-3.3
73	
Dirk Nowitzki
DAL	38	46	22	24	26.5	14.3	5.5	12.6	44.1	1.5	3.9	38.1	1.7	2.0	86.0	0.5	6.1	6.6	1.5	0.9	0.6	0.6	2.1	7	0	-0.3
74	
Tim Hardaway Jr.
ATL	25	71	36	35	26.6	14.3	5.2	11.4	45.3	1.9	5.3	35.7	2.0	2.6	76.6	0.4	2.2	2.6	2.2	1.3	0.7	0.2	1.3	0	0	2.3
75	
Al Horford
BOS	30	60	41	19	32.6	14.2	5.7	12.0	47.4	1.3	3.7	35.5	1.6	2.0	79.0	1.4	5.5	6.9	5.1	1.7	0.8	1.4	2.0	8	0	3.3
76	
Marcus Morris
DET	27	72	34	38	32.9	14.0	5.3	12.8	41.4	1.5	4.6	32.3	1.9	2.4	78.6	1.0	3.7	4.7	2.1	1.1	0.7	0.3	2.0	4	0	-0.5
77	
Kentavious Caldwell-Pope
DET	24	68	31	37	33.6	14.0	4.9	12.1	40.7	2.1	5.6	36.8	2.0	2.5	83.2	0.7	2.5	3.2	2.7	1.1	1.2	0.2	1.6	1	0	-1.0
78	
Markieff Morris
WAS	27	69	42	27	31.8	14.0	5.3	11.8	45.1	0.9	2.6	34.7	2.5	3.0	83.1	1.4	5.1	6.6	1.8	1.7	1.1	0.6	3.4	9	0	2.8
79	
TJ Warren
PHX	23	59	18	41	30.6	13.9	5.9	12.1	48.9	0.4	1.5	23.1	1.8	2.3	78.4	1.8	3.0	4.8	1.1	0.8	1.2	0.6	2.7	3	0	-5.0
80	
Zach Randolph
MEM	35	65	35	30	24.2	13.9	5.9	13.0	45.4	0.3	1.3	23.8	1.8	2.5	72.4	2.5	5.6	8.1	1.6	1.3	0.5	0.1	1.9	17	0	1.4
81	
Tyler Johnson
MIA	24	64	29	35	30.0	13.9	5.0	11.4	43.9	1.2	3.4	35.2	2.7	3.4	77.7	0.7	3.4	4.0	3.3	1.2	1.3	0.6	2.5	0	0	0.0
82	
Jeremy Lin
BKN	28	28	9	19	23.0	13.9	4.7	10.5	44.7	1.5	4.2	35.9	3.0	3.7	79.8	0.2	2.9	3.1	4.9	2.4	1.0	0.4	2.0	2	0	-3.5
83	
Wesley Matthews
DAL	30	66	28	38	34.5	13.9	4.6	11.8	39.1	2.4	6.7	36.7	2.2	2.7	81.3	0.3	3.3	3.6	2.7	1.4	1.1	0.2	2.3	0	0	-2.5
84	
Otto Porter Jr.
WAS	23	73	45	28	33.5	13.8	5.3	10.2	51.9	1.9	4.4	44.2	1.2	1.5	81.8	1.5	5.1	6.6	1.5	0.6	1.5	0.6	2.5	12	0	2.9
85	
Jae Crowder
BOS	26	64	43	21	32.4	13.8	4.5	10.0	45.6	2.2	5.5	39.9	2.5	2.9	84.5	0.7	5.2	5.8	2.2	1.1	1.0	0.3	2.3	7	0	4.8
86	
Rudy Gobert
UTA	24	72	44	28	33.8	13.7	4.9	7.5	65.7	0.0	0.0	0.0	3.8	5.9	65.6	4.0	8.8	12.8	1.2	1.9	0.7	2.6	3.1	51	0	5.5
87	
Will Barton
DEN	26	59	31	28	28.6	13.7	4.9	11.1	44.3	1.5	3.9	37.3	2.4	3.2	75.1	1.0	3.4	4.4	3.5	1.6	0.8	0.5	1.8	2	0	-1.1
88	
Jordan Crawford
NOP	28	10	6	4	21.6	13.5	5.3	10.6	50.0	2.4	5.2	46.2	0.5	0.7	71.4	0.2	2.2	2.4	2.8	1.3	0.5	0.0	1.7	0	0	3.8
89	
Ryan Anderson
HOU	28	68	48	20	29.8	13.5	4.4	10.8	41.3	2.8	6.9	39.7	1.9	2.2	85.7	1.6	3.1	4.7	0.9	0.8	0.4	0.2	2.0	2	0	5.7
90	
Dwight Howard
ATL	31	67	32	35	29.8	13.3	5.1	8.1	63.4	0.0	0.0	0.0	3.0	5.8	52.3	4.1	8.8	12.9	1.3	2.3	0.9	1.2	2.8	48	0	-1.5
91	
Darren Collison
SAC	29	63	24	39	30.5	13.3	5.1	10.6	47.6	1.1	2.7	41.8	2.0	2.4	85.4	0.3	1.8	2.2	4.5	1.6	1.0	0.1	1.8	3	0	-1.9
92	
Ersan Ilyasova
ATL	29	73	29	44	26.2	13.3	4.8	10.9	43.7	1.8	5.0	36.3	2.0	2.5	78.0	1.3	4.6	5.9	1.7	1.4	0.7	0.3	2.5	9	0	-0.4
93	
Sean Kilpatrick
BKN	27	65	11	54	25.5	13.3	4.4	10.6	41.1	1.5	4.4	34.4	3.0	3.6	84.1	0.3	3.7	4.0	2.3	2.0	0.7	0.1	1.8	4	0	-4.1
94	
Nick Young
LAL	31	60	19	41	25.9	13.2	4.5	10.6	43.0	2.8	7.0	40.4	1.3	1.5	85.6	0.4	1.9	2.3	1.0	0.6	0.6	0.2	2.3	0	0	-3.5
95	
Julius Randle
LAL	22	65	19	46	29.0	13.1	5.1	10.5	48.3	0.2	0.7	27.7	2.8	3.8	71.6	2.0	6.7	8.7	3.8	2.4	0.7	0.5	3.4	16	3	-6.1
96	
Rodney Hood
UTA	24	52	35	17	27.4	12.8	4.7	11.4	41.2	1.9	5.2	36.2	1.6	2.0	79.4	0.3	3.2	3.5	1.6	1.2	0.6	0.2	2.3	0	0	2.4
97	
Dario Saric
PHI	22	73	27	46	26.2	12.8	4.7	11.4	41.4	1.3	4.1	32.2	2.0	2.6	78.7	1.4	5.0	6.4	2.2	2.2	0.7	0.4	2.0	10	0	-3.6
98	
Robert Covington
PHI	26	66	26	40	31.5	12.8	4.3	10.9	39.5	2.1	6.2	33.5	2.1	2.6	82.0	1.3	5.1	6.4	1.5	2.0	1.9	1.0	3.0	11	0	-2.4
99	
Seth Curry
DAL	26	68	30	38	29.1	12.8	4.8	10.1	47.9	1.9	4.6	42.2	1.2	1.4	84.2	0.4	2.2	2.6	2.7	1.4	1.1	0.1	1.8	1	0	-0.6
100	
DeAndre Jordan
LAC	28	74	44	30	31.5	12.5	5.0	7.1	70.8	0.0	0.0	0.0	2.5	5.1	49.1	3.6	9.9	13.6	1.1	1.4	0.6	1.7	2.6	35	0	4.7
101	
Elfrid Payton
ORL	23	73	27	46	29.2	12.4	5.1	10.9	46.8	0.5	1.8	26.9	1.7	2.4	68.8	1.1	3.5	4.6	6.1	2.2	1.1	0.5	2.2	13	4	-1.7
102	
Clint Capela
HOU	22	58	40	18	23.6	12.4	5.4	8.5	64.1	0.0	0.0	0.0	1.5	2.8	53.4	2.6	5.3	7.9	0.9	1.3	0.5	1.2	2.8	13	0	3.2
103	
James Johnson
MIA	30	67	34	33	26.7	12.4	4.7	9.8	47.7	1.1	3.3	33.5	1.9	2.7	69.4	0.9	3.9	4.8	3.5	2.2	1.0	1.2	2.6	2	0	1.6
104	
Jamal Crawford
LAC	37	75	44	31	26.4	12.3	4.4	10.7	41.1	1.4	4.0	36.0	2.1	2.4	85.8	0.2	1.4	1.7	2.7	1.7	0.8	0.2	1.5	0	0	0.1
105	
Pau Gasol
SAS	36	55	43	12	25.6	12.3	4.8	9.4	50.8	0.8	1.5	52.4	1.9	2.8	67.5	1.7	6.1	7.8	2.4	1.3	0.4	1.1	1.7	9	0	3.7
106	
Austin Rivers
LAC	24	73	42	31	28.0	12.2	4.4	10.0	44.4	1.5	4.1	37.4	1.8	2.6	69.1	0.3	1.9	2.2	2.8	1.6	0.7	0.1	2.6	0	0	-0.1
107	
Greg Monroe
MIL	26	72	37	35	22.6	11.9	4.8	9.1	53.0	0.0	0.0	0.0	2.3	3.0	74.7	2.2	4.5	6.6	2.3	1.6	1.2	0.5	2.1	13	0	2.6
108	
Aaron Gordon
ORL	21	71	27	44	27.9	11.9	4.6	10.3	44.5	0.9	3.3	27.3	1.8	2.6	69.7	1.4	3.4	4.7	1.9	1.1	0.7	0.5	2.1	4	0	-1.7
109	
Jonas Valanciunas
TOR	24	71	43	28	25.8	11.8	4.8	8.8	54.6	0.0	0.0	0.0	2.2	2.7	82.0	2.8	6.6	9.5	0.7	1.4	0.4	0.7	2.8	26	0	0.7
110	
Jahlil Okafor
PHI	21	50	15	35	22.7	11.8	4.8	9.4	51.4	0.0	0.0	0.0	2.1	3.2	67.1	1.6	3.2	4.8	1.2	1.8	0.4	1.0	2.4	2	0	-6.4
111	
Steven Adams
OKC	23	70	41	29	30.2	11.7	4.8	8.3	57.9	0.0	0.0	0.0	2.1	3.4	61.7	3.4	4.2	7.6	1.1	1.8	1.1	1.0	2.4	14	0	2.7
112	
Trevor Ariza
HOU	31	73	51	22	34.4	11.7	4.0	9.8	41.1	2.5	6.9	35.4	1.1	1.5	73.2	0.7	5.1	5.8	2.2	0.9	1.8	0.3	1.6	2	0	5.7
113	
Marvin Williams
CHA	30	67	29	38	30.4	11.6	4.1	9.5	43.0	1.7	4.7	34.9	1.7	2.0	86.7	1.1	5.4	6.5	1.5	0.7	0.7	0.6	1.8	9	0	0.6
114	
Deron Williams
CLE	32	54	21	33	27.0	11.5	4.3	9.8	44.3	1.4	3.8	35.6	1.5	1.8	83.7	0.3	2.1	2.4	6.0	2.1	0.5	0.1	2.2	3	0	-1.0
115	
Frank Kaminsky
CHA	23	66	28	38	26.2	11.5	4.2	10.7	39.4	1.5	4.7	31.9	1.5	2.0	75.6	0.8	3.9	4.7	2.1	1.0	0.7	0.5	1.8	4	0	0.5
116	
Taj Gibson
OKC	31	70	36	34	26.1	11.1	4.8	9.2	51.9	0.0	0.2	23.1	1.5	2.1	70.1	2.1	4.3	6.4	1.0	1.4	0.5	0.8	2.2	11	0	0.0
117	
Kent Bazemore
ATL	27	67	35	32	27.4	11.0	4.1	10.1	40.7	1.2	3.6	33.6	1.6	2.3	71.1	0.6	2.5	3.1	2.4	1.7	1.2	0.7	2.2	1	0	-2.1
118	
Brandon Knight
PHX	25	54	16	38	21.1	11.0	3.9	9.7	39.8	0.8	2.6	32.4	2.4	2.9	85.7	0.5	1.7	2.2	2.4	1.6	0.5	0.1	1.6	0	0	-6.1
119	
Jerryd Bayless
PHI	28	3	1	2	23.8	11.0	3.7	10.7	34.4	0.7	1.7	40.0	3.0	3.3	90.0	1.0	3.0	4.0	4.3	3.0	0.0	0.0	1.3	0	0	-7.0
120	
Marcin Gortat
WAS	33	73	45	28	32.1	11.0	4.8	8.5	57.1	0.0	0.0	0.0	1.3	2.0	66.2	2.9	7.9	10.8	1.4	1.5	0.5	0.8	2.8	35	0	3.1
121	
Justise Winslow
MIA	21	18	4	14	34.7	10.9	4.4	12.5	35.6	0.4	1.9	20.0	1.6	2.6	61.7	1.3	3.9	5.2	3.7	1.8	1.4	0.3	2.9	1	0	-0.3
122	
Wayne Ellington
MIA	29	53	29	24	24.9	10.9	3.9	9.3	42.0	2.5	6.5	37.7	0.7	0.8	87.5	0.3	1.8	2.1	1.2	0.5	0.6	0.1	1.2	0	0	1.3
123	
Jon Leuer
DET	27	67	32	35	26.7	10.9	4.4	8.9	49.2	0.7	2.3	30.6	1.3	1.5	89.0	1.4	4.2	5.6	1.6	0.9	0.4	0.4	2.0	3	0	-0.2
124	
Emmanuel Mudiay
DEN	21	50	22	28	25.8	10.8	3.8	10.1	37.1	1.0	3.3	31.1	2.3	2.9	78.1	0.5	2.7	3.2	3.8	2.3	0.8	0.2	1.7	1	0	-2.8
125	
Terrence Jones
MIL	25	54	20	34	23.5	10.8	4.3	9.1	47.0	0.4	1.4	25.3	1.9	3.1	60.6	1.2	4.5	5.7	1.1	0.9	0.7	1.0	1.2	6	0	-1.1
126	
Terrence Ross
ORL	26	69	37	32	24.3	10.8	4.1	9.4	43.5	1.8	4.9	36.5	0.8	1.0	82.4	0.3	2.4	2.7	1.0	0.8	1.0	0.4	1.8	0	0	2.2
127	
Cody Zeller
CHA	24	53	30	23	27.7	10.7	4.3	7.4	58.5	0.0	0.0	0.0	2.1	3.3	65.3	2.3	4.3	6.6	1.5	1.1	1.0	0.9	3.2	5	0	4.5
128	
J.J. Barea
DAL	32	27	10	17	22.3	10.7	4.0	9.7	41.1	1.3	3.9	33.3	1.4	1.6	86.4	0.3	2.1	2.4	5.1	1.7	0.4	0.0	0.8	0	0	-0.5
129	
Mason Plumlee
DEN	27	72	33	39	27.1	10.7	4.2	7.8	54.1	0.0	0.1	0.0	2.3	3.9	58.2	2.1	5.6	7.8	3.8	1.7	0.9	1.1	2.8	18	0	0.0
130	
CJ Miles
IND	30	67	34	33	23.4	10.7	3.7	8.5	43.6	2.2	5.4	41.6	1.1	1.2	89.9	0.3	2.6	3.0	0.6	0.5	0.6	0.4	2.1	0	0	1.1
131	
Marcus Smart
BOS	23	71	46	25	30.4	10.6	3.5	9.5	36.1	1.1	4.1	27.9	2.6	3.2	81.0	1.0	2.9	3.8	4.5	2.0	1.6	0.4	2.4	1	0	1.2
132	
Allen Crabbe
POR	24	73	35	38	28.5	10.6	3.8	8.1	46.8	1.6	3.7	44.1	1.4	1.6	85.8	0.3	2.6	2.9	1.2	0.8	0.6	0.2	2.2	0	0	-2.1
133	
Tyreke Evans
SAC	27	36	16	20	19.3	10.6	3.9	9.3	41.7	1.1	2.9	36.8	1.8	2.4	74.1	0.3	3.2	3.5	3.2	1.5	0.8	0.3	1.5	0	0	-3.8
134	
Marco Belinelli
CHA	31	68	31	37	24.3	10.6	3.6	8.4	42.5	1.4	3.9	36.3	2.0	2.3	88.9	0.2	2.2	2.4	1.9	0.9	0.6	0.1	1.2	1	0	0.2
135	
Courtney Lee
NYK	31	68	25	43	32.2	10.6	4.1	9.0	45.5	1.4	3.5	40.2	1.0	1.2	86.1	0.7	2.7	3.3	2.3	0.9	1.0	0.3	1.9	0	0	-3.1
136	
Thaddeus Young
IND	28	65	35	30	29.9	10.5	4.6	8.9	51.7	0.7	1.8	39.1	0.6	1.2	51.9	1.5	4.2	5.7	1.6	1.3	1.6	0.4	1.9	4	0	0.5
137	
Ricky Rubio
MIN	26	66	25	41	32.4	10.4	3.3	8.0	41.0	0.8	2.6	31.2	3.0	3.4	88.1	0.9	3.0	3.9	8.9	2.5	1.8	0.1	2.7	19	1	-0.5
138	
Draymond Green
GSW	27	69	56	13	32.7	10.3	3.6	8.6	41.9	1.1	3.4	31.5	2.0	2.9	70.1	1.3	6.7	8.0	7.1	2.4	2.1	1.4	3.0	16	4	11.0
139	
Tony Parker
SAS	34	54	42	12	25.5	10.3	4.3	9.2	46.5	0.4	1.2	34.9	1.3	1.8	74.7	0.2	1.7	1.9	4.7	1.4	0.5	0.0	1.4	0	0	3.5
140	
Robin Lopez
CHI	28	73	34	39	27.8	10.3	4.7	9.5	49.5	0.0	0.0	0.0	0.9	1.2	71.9	3.1	3.3	6.4	1.0	1.1	0.2	1.5	1.9	7	0	-0.1
141	
Kyle Korver
CLE	36	61	31	30	26.7	10.2	3.6	7.8	46.2	2.4	5.4	44.7	0.5	0.6	89.2	0.1	2.7	2.8	1.7	1.1	0.5	0.3	1.6	0	0	-2.7
142	
Malcolm Brogdon
MIL	24	71	35	36	26.4	10.2	3.8	8.4	45.1	1.0	2.6	40.0	1.5	1.7	86.3	0.6	2.2	2.8	4.1	1.5	1.1	0.1	1.9	1	1	0.9
143	
Nikola Mirotic
CHI	26	62	31	31	23.5	10.1	3.5	8.6	41.0	1.7	5.2	32.8	1.4	1.8	75.7	0.8	4.4	5.2	1.0	1.1	0.7	0.7	1.8	6	0	2.2
144	
Maurice Harkless
POR	23	69	33	36	29.0	10.0	4.0	8.2	49.0	0.9	2.7	35.0	1.1	1.7	62.9	1.7	2.9	4.6	1.2	1.2	1.1	0.9	2.8	2	0	0.3
145	
Trevor Booker
BKN	29	65	14	51	25.0	10.0	4.3	8.3	51.6	0.3	1.1	31.4	1.1	1.6	66.4	2.1	6.2	8.2	2.0	1.8	1.1	0.4	2.2	16	0	-5.4
146	
Buddy Hield
SAC	23	73	27	46	22.0	9.9	3.7	8.8	42.0	1.7	4.5	38.8	0.8	0.9	85.9	0.4	2.8	3.1	1.4	1.1	0.5	0.1	1.3	0	0	-2.5
147	
Gorgui Dieng
MIN	27	72	28	44	31.9	9.9	4.1	8.1	50.2	0.2	0.5	33.3	1.6	2.0	80.0	2.3	5.5	7.8	1.8	1.3	1.1	1.1	3.1	12	0	0.8
148	
Patty Mills
SAS	28	71	56	15	22.1	9.9	3.6	8.0	44.6	1.9	4.6	41.7	0.8	1.0	84.5	0.3	1.4	1.7	3.5	1.3	0.8	0.0	1.4	1	0	5.5
149	
Shabazz Muhammad
MIN	24	68	26	42	19.8	9.8	3.6	7.6	48.2	0.7	1.9	35.9	1.8	2.3	78.0	1.0	1.8	2.9	0.5	0.7	0.3	0.1	1.1	0	0	-0.4
150	
E'Twaun Moore
NOP	28	66	29	37	25.4	9.8	4.0	8.7	45.8	1.1	2.9	38.1	0.7	0.9	76.7	0.5	1.6	2.1	2.3	0.9	0.7	0.4	1.9	0	0	-1.4
151	
Kenneth Faried
DEN	27	55	26	29	21.5	9.7	3.7	6.7	55.3	0.0	0.1	0.0	2.3	3.3	69.9	3.1	4.6	7.7	0.9	1.0	0.7	0.7	2.0	10	0	-1.1
152	
Jusuf Nurkic
POR	22	63	32	31	21.1	9.7	4.0	8.0	50.1	0.0	0.0	0.0	1.7	3.0	55.2	2.3	4.7	7.0	1.9	2.2	0.8	1.1	2.4	11	0	-1.1
153	
Michael Beasley
MIL	28	50	21	29	17.1	9.7	4.0	7.3	54.2	0.3	0.8	42.1	1.4	2.0	72.7	0.7	2.9	3.6	1.0	1.3	0.5	0.5	1.7	1	0	0.0
154	
Yogi Ferrell
DAL	23	36	16	20	25.5	9.7	3.3	8.1	40.9	1.4	3.6	38.8	1.7	2.0	84.5	0.4	1.9	2.3	3.7	1.5	0.9	0.2	1.9	0	0	-1.3
155	
Josh Richardson
MIA	23	44	17	27	29.3	9.6	3.6	9.5	38.4	1.2	4.1	30.0	1.1	1.4	74.6	0.6	2.6	3.2	2.5	1.2	0.9	0.6	2.5	0	0	-0.8
156	
Gerald Henderson
PHI	29	64	24	40	23.4	9.6	3.4	7.8	43.3	0.9	2.3	36.7	2.0	2.4	81.9	0.5	2.1	2.6	1.5	0.9	0.5	0.2	1.8	0	0	-4.0
157	
Derrick Favors
UTA	25	47	31	16	24.1	9.6	4.0	8.4	48.3	0.1	0.2	33.3	1.4	2.3	62.3	1.8	4.4	6.2	1.1	1.2	0.9	0.9	2.1	6	0	1.3
158	
Jamal Murray
DEN	20	73	35	38	20.4	9.5	3.4	8.6	39.8	1.4	4.1	33.9	1.2	1.4	86.7	0.5	2.0	2.5	1.8	1.3	0.6	0.3	1.5	0	0	0.9
159	
Doug McDermott
OKC	25	59	31	28	23.3	9.4	3.5	7.9	44.5	1.2	3.2	37.4	1.2	1.3	88.3	0.3	2.5	2.8	0.9	0.6	0.2	0.1	1.2	1	0	-0.2
160	
Ty Lawson
SAC	29	64	22	42	25.1	9.3	3.3	7.6	44.0	0.5	1.8	28.9	2.2	2.7	79.8	0.7	1.9	2.5	4.6	1.8	1.1	0.1	1.7	0	0	-2.6
161	
Nik Stauskas
PHI	23	71	26	45	27.1	9.3	3.1	7.7	40.3	1.6	4.3	37.7	1.5	1.8	79.8	0.3	2.5	2.8	2.1	1.6	0.5	0.4	1.8	0	0	-2.3
162	
Patrick Beverley
HOU	28	59	42	17	30.6	9.3	3.3	8.0	41.3	1.7	4.3	38.7	1.0	1.3	81.1	1.3	4.4	5.7	4.2	1.5	1.5	0.4	3.3	5	0	6.1
163	
Jeremy Lamb
CHA	24	53	24	29	18.3	9.3	3.5	7.8	44.2	0.7	2.4	28.6	1.7	2.0	84.1	0.5	3.8	4.3	1.2	0.7	0.4	0.4	1.6	1	0	-0.4
164	
Jeff Green
ORL	30	69	26	43	22.2	9.2	3.2	8.1	39.4	0.8	2.8	27.5	2.1	2.4	86.3	0.6	2.5	3.1	1.2	1.1	0.5	0.2	1.5	1	0	-4.3
165	
Tony Allen
MEM	35	63	33	30	27.4	9.2	3.9	8.5	45.9	0.2	0.8	28.6	1.2	2.0	61.3	2.3	3.1	5.5	1.3	1.5	1.7	0.4	2.6	5	0	-0.6
166	
DeMarre Carroll
TOR	30	64	38	26	26.7	9.2	3.2	7.8	40.7	1.5	4.4	34.2	1.3	1.8	75.9	0.9	3.0	4.0	1.0	0.7	1.2	0.4	2.0	2	0	1.7
167	
Jodie Meeks
ORL	29	27	12	15	21.4	9.2	3.0	7.2	41.0	1.6	3.7	42.0	1.7	2.0	86.8	0.1	2.1	2.3	1.4	0.9	1.0	0.1	1.1	0	0	-2.2
168	
Evan Turner
POR	28	56	28	28	25.6	9.2	3.7	8.6	43.0	0.5	1.8	27.5	1.3	1.6	84.1	0.6	3.3	3.8	3.2	1.6	0.8	0.3	1.8	2	0	-3.5
169	
JaMychal Green
MEM	26	71	39	32	27.8	9.1	3.3	6.6	50.4	0.7	1.9	37.9	1.8	2.2	80.9	2.2	5.1	7.3	1.1	1.2	0.6	0.5	3.4	10	0	-0.2
170	
Montrezl Harrell
HOU	23	53	37	16	18.0	9.1	3.9	5.9	66.0	0.0	0.1	33.3	1.3	2.1	63.6	1.4	2.2	3.6	1.1	0.8	0.4	0.7	2.1	2	0	2.8
171	
Cory Joseph
TOR	25	71	42	29	24.8	9.1	3.6	8.2	44.6	0.6	1.6	35.4	1.3	1.6	78.8	0.6	2.2	2.8	3.2	1.2	0.8	0.1	1.7	0	0	0.2
172	
Marreese Speights
LAC	29	75	44	31	15.9	9.1	3.1	6.8	45.0	1.3	3.4	37.9	1.6	1.8	87.6	1.1	3.5	4.6	0.8	0.8	0.3	0.5	2.8	4	0	-0.3
173	
Kelly Olynyk
BOS	25	67	44	23	20.7	9.0	3.5	6.7	51.7	0.9	2.6	36.0	1.2	1.6	73.4	1.0	3.8	4.8	2.0	1.3	0.6	0.4	2.7	1	0	0.4
174	
Brandon Ingram
LAL	19	72	21	51	29.3	9.0	3.3	8.3	39.9	0.7	2.5	29.6	1.6	2.6	62.1	0.7	3.4	4.1	2.0	1.5	0.5	0.5	2.0	0	0	-5.0
175	
Michael Kidd-Gilchrist
CHA	23	72	33	39	29.2	9.0	3.6	7.6	47.6	0.0	0.1	11.1	1.8	2.3	77.3	2.0	5.2	7.2	1.4	0.7	1.0	1.0	2.3	11	0	0.7
176	
Channing Frye
CLE	33	64	40	24	18.7	9.0	3.1	7.1	44.3	1.9	4.6	41.1	0.8	1.0	82.8	0.5	3.3	3.8	0.7	0.7	0.4	0.5	1.9	2	0	0.7
177	
Jameer Nelson
DEN	35	72	34	38	27.1	8.9	3.5	8.0	43.9	1.3	3.5	37.8	0.6	0.8	71.2	0.4	2.2	2.6	5.1	1.7	0.7	0.1	2.6	4	0	1.7
178	
Nerlens Noel
DAL	22	41	22	19	20.7	8.9	3.7	6.1	60.2	0.0	0.0	0.0	1.5	2.2	68.5	1.9	3.9	5.7	1.0	1.0	1.2	1.0	2.6	3	0	-1.4
179	
Marquese Chriss
PHX	19	74	22	52	20.7	8.9	3.3	7.5	44.5	0.9	2.7	32.8	1.3	2.1	62.4	1.1	2.9	4.0	0.6	1.2	0.8	0.8	3.2	2	0	-4.4
180	
Nene
HOU	34	61	44	17	17.7	8.8	3.5	5.7	61.7	0.0	0.1	33.3	1.7	2.9	59.4	1.4	2.8	4.2	0.9	1.1	0.9	0.6	2.6	0	0	2.9
181	
Monta Ellis
IND	31	65	34	31	26.8	8.8	3.4	7.6	45.0	0.6	1.8	33.6	1.4	1.8	73.9	0.2	2.5	2.8	3.2	1.8	1.0	0.3	2.0	0	0	-1.4
182	
Richaun Holmes
PHI	23	48	15	33	19.1	8.8	3.7	6.5	56.4	0.4	1.1	35.3	1.1	1.7	66.3	1.6	3.5	5.1	0.9	0.8	0.7	1.0	2.3	3	0	-2.9
183	
Joe Johnson
UTA	35	69	40	29	23.3	8.7	3.3	7.8	43.2	1.2	3.1	38.3	0.8	1.0	83.6	0.5	2.6	3.1	1.7	0.9	0.4	0.2	1.2	0	0	1.0
184	
Tony Snell
MIL	25	72	37	35	29.0	8.5	3.0	6.7	45.5	1.8	4.4	40.4	0.6	0.8	79.6	0.3	2.9	3.3	1.2	0.7	0.6	0.2	1.6	1	0	-1.7
185	
Tyson Chandler
PHX	34	47	15	32	27.6	8.4	3.3	4.9	67.1	0.0	0.0	0.0	1.9	2.6	73.4	3.3	8.2	11.5	0.6	1.4	0.7	0.5	2.7	12	0	-1.6
186	
Rondae Hollis-Jefferson
BKN	22	69	15	54	21.9	8.4	2.9	6.7	43.6	0.2	0.8	20.7	2.4	3.2	75.0	1.2	4.4	5.6	1.9	1.5	1.0	0.5	2.4	6	0	-3.7
187	
Ish Smith
DET	28	72	34	38	23.2	8.4	3.7	8.4	43.4	0.3	1.1	24.4	0.8	1.1	68.3	0.2	2.6	2.8	5.0	1.4	0.8	0.4	1.5	2	0	1.5
188	
Norman Powell
TOR	23	69	42	27	18.1	8.3	3.0	6.7	44.6	0.7	2.2	31.4	1.7	2.1	79.3	0.4	1.9	2.3	1.1	0.9	0.7	0.2	1.7	0	0	1.1
189	
Arron Afflalo
SAC	31	58	22	36	25.9	8.3	2.9	6.9	43.0	1.0	2.5	40.0	1.4	1.5	89.8	0.2	1.9	2.1	1.2	0.7	0.4	0.1	1.7	0	0	-4.2
190	
Al-Farouq Aminu
POR	26	53	27	26	28.8	8.2	2.9	7.4	39.0	1.1	3.3	32.2	1.4	2.0	69.8	1.1	6.3	7.4	1.7	1.6	0.9	0.7	1.7	4	0	0.7
191	
Joe Harris
BKN	25	52	10	42	21.9	8.2	3.0	7.0	42.5	1.6	4.3	38.5	0.7	0.9	71.4	0.3	2.5	2.8	1.0	1.1	0.6	0.2	2.3	0	0	-5.5
192	
D.J. Augustin
ORL	29	72	27	45	20.0	8.1	2.6	6.7	38.5	1.3	3.6	35.8	1.7	2.1	80.8	0.2	1.3	1.5	2.8	1.1	0.4	0.0	1.3	0	0	-5.2
193	
Al Jefferson
IND	32	66	33	33	14.1	8.1	3.6	7.1	49.9	0.0	0.0	0.0	1.0	1.3	76.5	1.1	3.1	4.2	0.9	0.5	0.3	0.2	1.9	1	0	-1.5
194	
JR Smith
CLE	31	31	21	10	27.7	8.1	2.8	8.5	33.0	2.2	6.4	33.8	0.3	0.5	66.7	0.3	2.1	2.4	1.3	0.5	1.0	0.3	2.0	0	0	1.8
195	
Troy Daniels
MEM	25	58	30	28	16.9	8.0	2.7	7.1	37.4	2.0	5.2	38.8	0.7	0.9	80.0	0.3	1.1	1.4	0.6	0.7	0.3	0.1	1.3	0	0	2.0
196	
Tristan Thompson
CLE	26	72	47	25	29.9	8.0	3.3	5.5	59.4	0.0	0.0	0.0	1.4	2.8	50.0	3.7	5.6	9.3	1.1	0.8	0.5	1.1	2.3	19	0	1.9
197	
Langston Galloway
SAC	25	65	25	40	19.7	7.9	2.8	7.5	37.4	1.7	4.4	38.2	0.6	0.8	77.8	0.3	1.7	2.0	1.2	0.6	0.7	0.1	1.4	0	0	-0.7
198	
Vince Carter
MEM	40	65	33	32	24.3	7.9	2.6	6.8	39.0	1.5	4.0	36.4	1.2	1.6	73.5	0.5	2.5	3.0	1.8	0.6	0.9	0.5	2.3	0	0	1.9
199	
Shawn Long
PHI	24	10	4	6	11.5	7.9	3.1	5.0	62.0	0.1	0.4	25.0	1.6	2.9	55.2	1.8	2.7	4.5	0.7	0.6	0.5	0.6	2.9	1	0	3.7
200	
Iman Shumpert
CLE	26	67	44	23	25.8	7.8	2.8	6.7	41.5	1.4	3.7	37.4	0.9	1.2	78.2	0.5	2.4	2.9	1.5	0.9	0.8	0.3	2.0	0	0	1.1
201	
Sergio Rodriguez
PHI	30	68	24	44	22.3	7.8	3.1	7.9	39.2	1.4	3.7	36.5	0.3	0.4	66.7	0.3	2.0	2.3	5.1	1.9	0.7	0.1	1.4	1	0	-2.0
202	
Garrett Temple
SAC	30	60	22	38	26.4	7.8	2.8	6.4	43.5	1.2	3.3	37.9	1.0	1.2	78.1	0.5	2.2	2.7	2.5	1.2	1.2	0.4	2.2	0	0	-2.4
203	
Isaiah Whitehead
BKN	22	65	14	51	22.4	7.7	2.9	7.1	40.7	0.6	2.0	31.3	1.3	1.6	81.1	0.4	2.1	2.5	2.6	2.0	0.6	0.5	2.4	1	0	-1.5
204	
Alex Len
PHX	23	69	19	50	20.2	7.7	2.9	5.9	49.6	0.0	0.2	27.3	1.8	2.5	71.5	2.0	4.6	6.5	0.6	1.3	0.5	1.2	3.1	9	0	-5.2
205	
Skal Labissiere
SAC	21	24	5	19	14.9	7.7	3.2	5.8	55.4	0.0	0.2	20.0	1.2	1.7	72.5	1.5	3.3	4.7	0.8	1.0	0.4	0.3	1.5	2	0	-1.1
206	
Brandon Jennings
WAS	27	72	33	39	22.7	7.7	2.5	6.9	37.0	1.1	3.3	32.3	1.5	2.0	74.7	0.4	2.1	2.4	5.0	1.7	0.8	0.1	1.4	3	0	-1.0
207	
Caris LeVert
BKN	22	48	11	37	21.3	7.6	2.8	6.1	45.1	0.9	3.0	31.3	1.2	1.6	72.2	0.5	2.6	3.1	1.9	1.0	0.9	0.1	1.5	0	0	-1.9
208	
Manu Ginobili
SAS	39	62	48	14	18.9	7.6	2.5	6.5	38.6	1.3	3.3	37.7	1.4	1.7	80.8	0.4	1.9	2.3	2.7	1.4	1.3	0.2	1.8	0	0	4.0
209	
Luol Deng
LAL	31	56	18	38	26.5	7.6	2.9	7.6	38.6	0.9	2.9	30.9	0.8	1.1	73.0	1.1	4.1	5.3	1.3	0.8	0.9	0.4	1.1	5	0	-3.5
210	
Ivica Zubac
LAL	20	36	8	28	16.3	7.6	3.4	6.3	53.5	0.0	0.1	0.0	0.8	1.3	62.2	1.1	3.2	4.3	0.8	0.8	0.3	0.9	1.7	4	0	-3.6
211	
Matthew Dellavedova
MIL	26	68	34	34	26.3	7.5	2.7	7.0	38.7	1.0	2.7	36.6	1.1	1.3	84.6	0.3	1.6	1.9	4.8	1.8	0.8	0.0	1.9	0	0	-1.3
212	
Willy Hernangomez
NYK	22	63	23	40	17.4	7.5	3.2	6.0	54.0	0.0	0.2	23.1	1.0	1.5	69.6	2.3	4.5	6.8	1.2	1.4	0.5	0.6	2.0	8	0	-1.1
213	
Rajon Rondo
CHI	31	64	30	34	26.4	7.5	3.2	7.8	40.7	0.7	1.9	36.7	0.5	0.7	63.0	1.0	3.9	4.9	6.5	2.4	1.4	0.2	2.1	5	1	-0.9
214	
Tim Frazier
NOP	26	57	23	34	23.5	7.5	2.6	6.4	41.3	0.6	2.0	31.9	1.6	2.0	77.4	0.5	2.2	2.7	5.2	1.6	0.8	0.1	2.1	7	1	-1.4
215	
Willie Cauley-Stein
SAC	23	66	25	41	17.6	7.5	3.1	5.8	53.6	0.0	0.0	0.0	1.2	1.9	65.0	1.0	2.7	3.7	1.0	0.9	0.7	0.6	1.9	3	0	-2.7
216	
David Lee
SAS	33	70	54	16	18.5	7.4	3.2	5.2	61.2	0.0	0.0	0.0	1.0	1.5	70.9	1.8	3.8	5.6	1.5	1.0	0.4	0.5	1.6	6	0	4.2
217	
Michael Carter-Williams
CHI	25	37	19	18	20.1	7.4	2.8	7.2	38.6	0.4	1.5	23.2	1.5	2.0	74.7	0.6	3.2	3.8	2.5	1.7	0.8	0.6	2.4	0	0	-1.1
218	
Timofey Mozgov
LAL	30	54	16	38	20.4	7.4	3.1	6.1	51.5	0.0	0.0	0.0	1.2	1.4	80.8	1.9	3.0	4.9	0.8	1.3	0.3	0.6	2.5	1	0	-3.6
219	
Danny Green
SAS	29	63	49	14	27.0	7.4	2.6	6.6	39.9	1.8	4.6	38.8	0.4	0.4	82.1	0.4	2.9	3.3	1.8	1.1	1.0	0.8	1.8	0	0	4.5
220	
Shelvin Mack
UTA	26	46	27	19	21.4	7.3	3.0	6.7	44.0	0.7	2.1	31.6	0.8	1.2	66.0	0.3	1.8	2.1	2.8	1.8	0.8	0.0	1.7	0	0	0.1
221	
Thabo Sefolosha
ATL	32	60	31	29	25.9	7.3	2.9	6.5	44.4	0.7	2.0	35.0	0.9	1.3	73.3	0.9	3.5	4.4	1.8	0.9	1.6	0.5	1.6	0	0	-0.8
222	
Matt Barnes
GSW	37	67	31	36	24.2	7.3	2.6	6.6	38.7	1.2	3.7	33.2	1.0	1.2	78.3	1.0	4.3	5.3	2.7	1.6	0.6	0.4	2.5	4	0	-1.2
223	
Justin Holiday
NYK	27	73	27	46	19.3	7.2	2.6	6.2	42.6	1.2	3.2	36.0	0.8	1.0	82.2	0.3	2.3	2.7	1.1	0.8	0.8	0.4	1.4	0	0	-0.5
224	
Rodney Stuckey
IND	30	39	17	22	17.9	7.2	2.3	6.3	37.3	0.5	1.5	31.7	2.1	2.7	74.8	0.2	2.0	2.2	2.2	1.4	0.4	0.0	1.1	0	0	-0.9
225	
Alec Burks
UTA	25	37	22	15	15.9	7.2	2.5	6.2	40.6	0.6	2.0	31.5	1.5	2.0	78.1	0.4	2.3	2.7	0.7	0.8	0.5	0.1	1.3	0	0	-0.5
226	
Anthony Tolliver
SAC	31	59	23	36	22.9	7.2	2.4	5.4	44.8	1.5	3.6	41.0	0.9	1.2	75.0	0.8	2.8	3.7	1.1	0.9	0.6	0.2	1.7	1	0	-1.7
227	
Andre Iguodala
GSW	33	69	58	11	26.3	7.2	2.7	5.2	51.8	0.8	2.2	36.4	0.9	1.3	70.7	0.7	3.3	4.0	3.4	0.8	1.0	0.5	1.3	0	0	6.7
228	
Ben McLemore
SAC	24	52	23	29	18.4	7.1	2.6	6.3	41.4	1.0	2.6	38.0	0.9	1.2	77.8	0.3	1.4	1.7	0.8	0.9	0.5	0.1	1.5	0	0	-1.8
229	
Josh Huestis
OKC	25	1	0	1	6.9	7.0	3.0	4.0	75.0	1.0	2.0	50.0	0.0	0.0	0.0	2.0	2.0	4.0	1.0	0.0	0.0	0.0	0.0	0	0	-2.0
230	
Alan Williams
PHX	24	39	9	30	14.3	6.9	2.8	5.4	51.9	0.0	0.0	0.0	1.3	2.2	60.0	1.9	4.1	6.0	0.5	0.8	0.5	0.7	2.6	13	0	0.3
231	
Patrick Patterson
TOR	28	56	35	21	25.3	6.9	2.4	6.0	39.5	1.5	4.0	37.2	0.7	1.0	70.2	1.1	3.9	5.0	1.2	0.6	0.6	0.4	1.9	1	0	6.0
232	
Raymond Felton
LAC	32	73	43	30	21.6	6.9	2.8	6.5	43.2	0.6	1.8	33.6	0.7	0.9	78.1	0.5	2.3	2.8	2.4	1.1	0.8	0.3	1.6	0	0	-1.9
233	
Spencer Dinwiddie
BKN	23	50	9	41	22.6	6.9	2.2	5.1	43.1	0.6	1.6	38.0	2.0	2.5	78.0	0.4	2.3	2.7	3.2	1.2	0.6	0.4	2.1	0	0	-2.4
234	
Ian Clark
GSW	26	68	55	13	14.3	6.9	2.8	5.5	50.0	0.8	2.0	40.3	0.6	0.8	74.5	0.3	1.3	1.5	1.1	0.6	0.5	0.1	1.0	0	0	1.0
235	
Solomon Hill
NOP	26	71	31	40	29.1	6.9	2.2	5.8	38.5	1.2	3.3	34.7	1.3	1.6	83.0	0.6	3.2	3.8	1.8	1.1	0.9	0.4	2.3	0	0	0.2
236	
James Ennis III
MEM	26	57	30	27	23.2	6.8	2.3	5.0	46.3	0.8	2.1	38.5	1.4	1.8	79.4	1.1	2.8	3.8	0.9	0.9	0.7	0.3	2.6	1	0	0.6
237	
Larry Nance Jr.
LAL	24	54	16	38	21.9	6.8	2.9	5.4	54.1	0.1	0.5	24.0	0.9	1.3	72.1	1.6	3.7	5.4	1.5	0.9	1.3	0.6	2.3	4	0	-1.7
238	
John Henson
MIL	26	56	25	31	19.6	6.8	2.8	5.4	51.2	0.0	0.0	0.0	1.3	1.9	69.2	1.6	3.6	5.2	1.0	0.9	0.5	1.4	2.6	0	0	-0.9
239	
Andre Roberson
OKC	25	72	41	31	30.3	6.8	2.8	6.0	46.4	0.6	2.4	25.7	0.6	1.5	42.1	1.3	3.8	5.1	0.9	0.7	1.2	1.0	2.5	2	0	1.7
240	
Justin Hamilton
BKN	26	56	11	45	18.8	6.8	2.7	5.8	45.6	0.9	2.9	30.6	0.6	0.8	73.9	1.2	3.1	4.3	0.9	0.7	0.5	0.7	1.4	1	0	-4.9
241	
Joe Ingles
UTA	29	73	44	29	23.2	6.8	2.4	5.2	45.3	1.4	3.3	43.2	0.6	0.8	75.0	0.3	2.8	3.1	2.6	1.1	1.1	0.1	2.0	0	0	1.7
242	
PJ Tucker
TOR	31	73	29	44	27.9	6.8	2.5	6.1	41.2	0.8	2.4	33.7	1.0	1.2	76.9	1.5	4.4	5.9	1.3	0.8	1.5	0.2	2.4	3	0	-1.3
243	
Sam Dekker
HOU	22	73	51	22	18.4	6.7	2.7	5.7	47.6	0.8	2.5	31.7	0.5	0.9	55.9	1.2	2.4	3.7	1.0	0.5	0.5	0.3	1.1	0	0	1.2
244	
Marcus Thornton
WAS	29	33	15	18	17.4	6.6	2.5	6.4	40.0	0.8	2.4	35.0	0.7	0.8	85.2	0.7	1.6	2.3	1.2	0.8	0.6	0.1	1.5	0	0	-4.5
245	
Derrick Williams
CLE	25	43	13	30	17.0	6.6	2.3	5.3	44.3	0.6	2.1	29.7	1.3	2.0	64.4	0.4	2.4	2.8	0.6	0.6	0.3	0.2	1.3	0	0	-1.0
246	
Archie Goodwin
BKN	22	8	4	4	11.3	6.6	2.0	3.3	61.5	0.4	0.9	42.9	2.3	2.8	81.8	0.4	0.9	1.3	1.5	0.3	0.0	0.4	0.3	0	0	-2.6
247	
Lance Stephenson
MIN	26	12	3	9	19.2	6.6	3.0	6.3	47.4	0.1	1.0	8.3	0.5	0.8	60.0	0.3	2.1	2.3	2.8	1.3	0.2	0.1	1.7	0	0	-1.8
248	
T.J. McConnell
PHI	25	72	26	46	25.6	6.6	2.8	6.0	47.2	0.1	0.6	20.9	0.8	1.0	78.9	0.5	2.6	3.0	6.3	1.8	1.6	0.1	1.8	4	0	-3.3
249	
Kosta Koufos
SAC	28	70	26	44	19.8	6.6	3.0	5.5	54.8	0.0	0.0	0.0	0.5	0.9	60.7	1.7	4.0	5.7	0.7	0.9	0.5	0.6	2.4	4	0	-2.3
250	
Trey Lyles
UTA	21	66	39	27	17.1	6.5	2.4	6.5	36.6	1.0	3.0	32.0	0.8	1.1	71.2	0.7	2.8	3.5	1.0	0.9	0.4	0.3	1.5	1	0	0.3
251	
Mirza Teletovic
MIL	31	61	31	30	15.9	6.5	2.2	5.9	37.8	1.5	4.3	34.4	0.5	0.7	76.7	0.2	2.1	2.3	0.7	0.6	0.2	0.2	1.6	0	0	2.0
252	
Amir Johnson
BOS	29	73	47	26	20.2	6.5	2.7	4.7	56.9	0.3	0.8	38.3	0.8	1.3	66.3	1.5	3.1	4.6	1.7	1.0	0.6	0.8	2.6	0	0	2.8
253	
Jaylen Brown
BOS	20	70	45	25	16.9	6.5	2.4	5.3	45.6	0.5	1.6	32.7	1.1	1.6	67.0	0.6	2.3	2.9	0.8	0.8	0.5	0.2	1.8	0	0	-1.7
254	
Jared Dudley
PHX	31	57	15	42	20.8	6.5	2.4	5.1	46.5	1.2	3.0	38.8	0.6	1.0	61.8	0.5	2.8	3.3	1.8	1.1	0.6	0.2	2.4	0	0	-1.3
255	
Justin Anderson
PHI	23	66	23	43	14.8	6.4	2.3	5.4	41.8	0.7	2.4	28.7	1.2	1.5	80.0	0.8	2.3	3.2	0.7	0.8	0.5	0.3	1.4	0	0	-2.7
256	
Brandan Wright
MEM	29	19	11	8	13.7	6.4	2.8	4.6	61.4	0.0	0.1	0.0	0.7	1.2	63.6	1.2	1.5	2.7	0.4	0.2	0.4	0.5	1.4	0	0	0.0
257	
Devin Harris
DAL	34	55	27	28	16.7	6.4	2.0	5.1	38.8	0.9	2.6	34.3	1.5	1.9	81.0	0.2	1.7	1.9	2.1	0.9	0.6	0.1	1.5	0	0	0.2
258	
Quincy Acy
BKN	26	33	8	25	14.7	6.4	2.0	4.5	44.9	1.1	2.4	44.3	1.3	1.8	75.9	0.5	2.5	3.1	0.5	0.5	0.4	0.4	1.8	0	0	-1.2
259	
Dwight Powell
DAL	25	69	28	41	16.9	6.4	2.4	4.6	53.0	0.1	0.5	23.5	1.4	1.8	77.0	1.3	2.8	4.0	0.7	0.4	0.8	0.5	1.8	2	0	-1.8
260	
Bobby Portis
CHI	22	56	24	32	15.0	6.4	2.6	5.5	47.7	0.4	1.3	30.7	0.7	1.0	67.3	1.1	3.2	4.3	0.5	0.6	0.2	0.2	1.5	2	0	-2.1
261	
Dante Exum
UTA	21	57	33	24	17.8	6.4	2.4	5.4	44.1	0.6	2.1	29.5	1.0	1.2	81.2	0.4	1.5	1.9	1.6	1.2	0.3	0.2	2.2	0	0	-0.6
262	
Rodney McGruder
MIA	25	69	34	35	25.2	6.3	2.4	5.8	41.0	1.0	2.8	34.2	0.6	0.9	62.5	1.2	2.0	3.3	1.5	0.6	0.6	0.2	1.8	0	0	0.1
263	
Dante Cunningham
NOP	29	57	25	32	25.4	6.3	2.5	5.4	46.1	1.0	2.7	37.2	0.2	0.4	60.9	0.9	3.4	4.3	0.6	0.5	0.5	0.4	1.5	0	0	-0.2
264	
Zaza Pachulia
GSW	33	61	50	11	18.3	6.3	2.4	4.5	53.7	0.0	0.0	0.0	1.5	1.9	76.3	2.1	3.9	6.0	1.9	1.2	0.9	0.5	2.4	4	0	6.1
265	
Kyle O'Quinn
NYK	27	70	25	45	15.2	6.3	2.8	5.2	53.3	0.0	0.2	7.1	0.7	0.9	74.2	2.0	3.5	5.5	1.5	1.0	0.5	1.3	2.2	6	0	-1.4
266	
Leandro Barbosa
PHX	34	67	20	47	14.4	6.3	2.6	5.9	43.9	0.5	1.5	35.7	0.6	0.7	88.9	0.2	1.3	1.6	1.2	0.7	0.5	0.1	1.2	0	0	-1.0
267	
Ramon Sessions
CHA	30	50	23	27	16.2	6.2	2.0	5.3	38.0	0.4	1.2	33.9	1.8	2.4	77.1	0.2	1.2	1.5	2.6	0.9	0.5	0.1	0.9	0	0	-1.6
268	
Jonathan Gibson
DAL	29	17	4	13	13.6	6.2	2.1	5.6	36.8	0.9	2.6	33.3	1.2	1.7	72.4	0.1	1.2	1.3	1.5	1.2	0.5	0.0	1.2	0	0	-4.9
269	
Spencer Hawes
MIL	28	46	23	23	15.6	6.2	2.5	5.3	47.5	0.4	1.5	29.9	0.7	0.9	85.0	0.8	2.8	3.6	1.6	1.0	0.3	0.6	1.5	3	0	-3.1
270	
Nemanja Bjelica
MIN	28	65	28	37	18.3	6.2	2.3	5.5	42.4	0.9	2.7	31.6	0.7	0.9	73.8	0.9	2.9	3.8	1.2	0.9	0.6	0.3	2.4	3	0	-0.2
271	
Chandler Parsons
MEM	28	34	18	16	19.8	6.2	2.2	6.5	33.8	0.7	2.7	26.9	1.0	1.3	81.4	0.2	2.3	2.5	1.6	0.7	0.6	0.1	1.5	0	0	-1.4
272	
Darrell Arthur
DEN	29	39	18	21	15.3	6.2	2.3	5.1	45.2	1.3	2.7	46.2	0.3	0.3	84.6	0.6	2.1	2.7	1.1	0.9	0.4	0.5	1.9	0	0	-0.7
273	
Jonathon Simmons
SAS	27	68	55	13	17.6	6.1	2.2	5.2	42.5	0.4	1.2	31.0	1.3	1.8	76.5	0.3	1.9	2.1	1.6	1.0	0.6	0.4	1.9	0	0	3.0
274	
Delon Wright
TOR	24	18	12	6	16.9	6.1	1.9	4.6	42.2	0.3	1.2	28.6	1.9	2.4	79.1	0.6	1.6	2.1	1.7	1.1	0.9	0.4	1.4	0	0	4.3
275	
Mike Muscala
ATL	25	61	30	31	17.6	6.1	2.4	4.9	48.6	0.6	1.6	38.5	0.8	1.0	75.8	1.2	2.3	3.5	1.3	0.8	0.4	0.6	1.4	0	0	-2.5
276	
Glenn Robinson III
IND	23	69	35	34	20.7	6.1	2.3	4.9	46.7	0.7	1.8	39.2	0.8	1.1	71.1	0.8	2.7	3.6	0.7	0.5	0.6	0.3	0.9	3	0	-1.1
277	
Bismack Biyombo
ORL	24	72	27	45	23.0	6.0	2.3	4.3	52.2	0.0	0.0	0.0	1.5	2.9	50.7	2.0	5.2	7.2	0.9	1.2	0.3	1.2	2.5	9	0	-4.0
278	
Jordan Farmar
SAC	30	2	1	1	17.7	6.0	2.0	6.0	33.3	2.0	4.5	44.4	0.0	0.0	0.0	0.5	1.0	1.5	4.5	1.5	1.0	0.0	0.5	0	0	-0.5
279	
Alex Abrines
OKC	23	61	33	28	15.7	6.0	2.0	5.0	39.7	1.3	3.6	37.3	0.7	0.8	89.8	0.2	1.0	1.2	0.6	0.4	0.6	0.1	1.8	0	0	-0.1
280	
Lance Thomas
NYK	28	46	15	31	21.0	6.0	2.1	5.3	39.8	0.8	1.8	44.7	0.9	1.1	84.3	0.7	2.4	3.1	0.8	0.5	0.5	0.1	1.8	1	0	-4.4
281	
Richard Jefferson
CLE	36	71	47	24	20.8	5.9	2.0	4.5	45.5	0.8	2.4	33.7	1.0	1.4	74.2	0.4	2.2	2.6	1.0	0.7	0.3	0.1	2.0	1	0	2.6
282	
Andrew Harrison
MEM	22	66	36	30	20.2	5.9	1.6	5.0	31.8	0.6	2.2	28.3	2.1	2.8	76.4	0.3	1.5	1.8	2.7	1.2	0.8	0.3	2.7	0	0	-0.3
283	
Mindaugas Kuzminskas
NYK	27	60	21	39	14.4	5.9	2.1	5.0	42.1	0.8	2.4	32.6	0.9	1.1	82.8	0.7	1.2	1.9	1.0	0.7	0.5	0.2	1.2	0	0	-0.1
284	
Domantas Sabonis
OKC	20	72	41	31	20.6	5.8	2.4	5.9	40.3	0.6	2.0	31.2	0.4	0.7	61.2	0.6	3.0	3.6	1.1	1.0	0.5	0.4	2.5	2	0	-0.2
285	
Omri Casspi
MIN	28	26	9	17	18.2	5.8	2.3	5.1	45.9	0.5	1.4	38.9	0.5	0.9	60.9	0.8	2.8	3.7	1.1	0.9	0.4	0.1	1.0	0	0	-1.7
286	
Kelly Oubre Jr.
WAS	21	70	43	27	19.3	5.8	2.2	5.2	41.6	0.7	2.3	28.8	0.8	1.0	76.1	0.7	2.5	3.1	0.6	0.6	0.7	0.2	2.4	1	0	-0.5
287	
Luc Mbah a Moute
LAC	30	73	42	31	21.7	5.8	2.3	4.6	49.4	0.5	1.3	37.8	0.7	1.0	72.6	0.6	1.6	2.2	0.5	0.6	1.0	0.4	1.5	0	0	2.3
288	
JaVale McGee
GSW	29	68	54	14	9.2	5.7	2.5	3.9	64.3	0.0	0.0	0.0	0.7	1.4	50.5	1.2	1.8	3.0	0.2	0.5	0.2	0.7	1.4	0	0	3.6
289	
Gerald Green
BOS	31	42	29	13	11.6	5.6	2.0	5.0	40.9	0.9	2.3	37.8	0.7	0.8	82.9	0.4	1.5	1.8	0.7	0.5	0.2	0.1	1.1	0	0	-0.1
290	
Brandon Bass
LAC	31	48	25	23	11.3	5.6	2.1	3.7	57.1	0.0	0.1	33.3	1.4	1.6	86.8	0.8	1.7	2.5	0.4	0.6	0.3	0.2	0.9	0	0	-2.6
291	
Anthony Morrow
CHI	31	44	22	22	14.9	5.6	2.1	5.3	39.4	0.9	2.8	30.9	0.6	0.7	89.7	0.3	0.4	0.7	0.4	0.2	0.5	0.0	0.9	0	0	-0.7
292	
Jerian Grant
CHI	24	57	25	32	15.9	5.6	1.9	4.6	41.1	0.7	2.0	36.2	1.1	1.2	88.2	0.3	1.3	1.6	1.7	0.7	0.7	0.1	1.5	0	0	-0.2
293	
Terry Rozier
BOS	23	68	43	25	17.5	5.6	2.0	5.6	36.3	0.8	2.5	32.3	0.7	0.9	79.7	0.6	2.5	3.1	1.8	0.7	0.6	0.2	0.9	1	0	0.1
294	
Randy Foye
BKN	33	60	13	47	19.2	5.6	1.9	4.9	38.1	1.1	3.0	35.8	0.8	0.9	83.3	0.2	2.2	2.4	2.0	1.3	0.5	0.2	1.5	0	0	-3.1
295	
Jason Smith
WAS	31	66	41	25	14.1	5.5	2.3	4.3	54.6	0.4	0.7	53.2	0.5	0.7	67.4	0.9	2.5	3.4	0.5	0.7	0.3	0.7	2.3	0	0	-0.5
296	
Jerami Grant
OKC	23	71	38	33	19.4	5.5	1.9	4.1	46.3	0.5	1.4	37.4	1.2	1.9	61.3	0.5	2.1	2.5	0.6	0.6	0.5	1.0	1.8	0	0	-3.0
297	
Tyler Ulis
PHX	21	53	13	40	15.4	5.5	2.3	5.8	39.7	0.2	0.8	22.2	0.7	0.9	76.1	0.2	1.0	1.2	3.1	1.1	0.8	0.1	1.1	3	0	-1.8
298	
Tarik Black
LAL	25	59	20	39	15.6	5.4	2.1	4.3	48.8	0.0	0.0	50.0	1.2	1.7	73.0	2.3	2.8	5.1	0.6	0.9	0.4	0.5	2.6	2	0	-1.4
299	
Meyers Leonard
POR	25	65	31	34	15.9	5.4	2.0	5.0	39.0	1.0	2.8	35.0	0.5	0.6	86.1	0.4	2.7	3.1	1.0	0.5	0.1	0.4	2.3	1	0	-0.9
300	
Joffrey Lauvergne
CHI	25	62	35	27	14.4	5.4	2.1	4.8	43.3	0.5	1.5	33.3	0.7	1.1	60.9	1.0	2.6	3.6	1.0	0.8	0.4	0.1	1.2	0	0	-1.5
301	
Willie Reed
MIA	26	62	33	29	14.6	5.4	2.3	4.1	56.7	0.0	0.0	33.3	0.7	1.3	57.0	1.8	2.8	4.6	0.4	0.4	0.3	0.7	1.9	4	0	1.0
302	
Cameron Payne
CHI	22	30	15	15	15.3	5.3	2.1	6.4	33.2	0.9	2.9	31.4	0.2	0.3	62.5	0.1	1.5	1.6	1.8	1.0	0.5	0.1	1.7	0	0	-2.1
303	
Beno Udrih
DET	34	32	15	17	13.6	5.3	2.1	4.7	45.0	0.3	0.9	35.7	0.8	0.8	92.3	0.2	1.1	1.3	2.9	0.8	0.2	0.0	0.7	0	0	1.5
304	
Ian Mahinmi
WAS	30	23	15	8	17.1	5.3	1.9	3.3	57.1	0.0	0.0	0.0	1.5	2.3	64.2	1.5	3.0	4.5	0.5	1.1	1.0	0.8	2.6	0	0	1.0
305	
Troy Williams
HOU	22	24	15	9	17.4	5.3	2.1	5.1	41.5	0.4	1.7	24.4	0.6	1.0	60.0	0.3	1.6	1.9	0.8	1.1	1.0	0.4	1.8	0	0	-2.7
306	
Malcolm Delaney
ATL	28	69	34	35	17.0	5.3	2.0	5.3	37.4	0.3	1.5	22.8	1.0	1.2	78.6	0.1	1.5	1.7	2.5	1.3	0.5	0.0	1.6	0	0	0.3
307	
Dewayne Dedmon
SAS	27	66	50	16	17.4	5.2	2.2	3.3	64.8	0.0	0.0	0.0	0.9	1.2	72.8	1.6	4.8	6.4	0.6	0.8	0.5	0.8	2.4	5	0	3.4
308	
Mike Dunleavy
ATL	36	45	29	16	16.1	5.2	1.8	4.2	42.8	1.0	2.6	39.1	0.6	0.8	77.1	0.3	1.9	2.2	0.9	0.6	0.3	0.1	1.3	0	0	-1.4
309	
Paul Zipser
CHI	23	36	15	21	18.2	5.1	1.9	4.7	39.9	0.7	2.1	32.4	0.8	1.0	75.0	0.4	2.4	2.8	0.7	0.9	0.3	0.4	1.6	0	0	-0.8
310	
Hollis Thompson
NOP	25	40	12	28	18.8	5.1	1.9	5.0	38.5	0.8	2.4	33.7	0.5	0.7	65.5	0.5	2.3	2.8	0.9	0.3	0.5	0.2	1.7	0	0	-1.8
311	
Luis Scola
BKN	36	36	7	29	12.8	5.1	2.0	4.2	47.0	0.5	1.4	34.0	0.7	1.0	67.6	1.4	2.4	3.9	1.0	0.9	0.4	0.1	1.8	1	0	-2.3
312	
Joakim Noah
NYK	32	46	17	29	22.1	5.0	2.2	4.4	49.0	0.0	0.0	0.0	0.7	1.7	43.6	3.5	5.2	8.8	2.2	1.3	0.7	0.8	2.8	5	0	-3.1
313	
Anthony Bennett
BKN	24	23	3	20	11.5	5.0	1.7	4.0	41.3	0.6	2.1	27.1	1.1	1.6	72.2	1.1	2.3	3.4	0.5	0.5	0.2	0.1	0.8	0	0	-3.0
314	
Denzel Valentine
CHI	23	49	22	27	16.8	5.0	1.8	5.0	35.4	1.2	3.6	34.5	0.2	0.3	78.6	0.2	2.5	2.7	1.1	0.9	0.6	0.1	1.4	1	0	-1.1
315	
Juan Hernangomez
DEN	21	55	26	29	13.6	4.9	1.6	3.4	47.6	0.7	1.7	43.5	1.0	1.3	75.0	0.7	2.3	3.1	0.5	0.5	0.5	0.2	1.1	1	0	-0.5
316	
Cristiano Felicio
CHI	24	62	28	34	15.9	4.9	2.0	3.4	57.5	0.0	0.0	0.0	1.0	1.5	65.2	2.0	2.8	4.8	0.6	0.5	0.4	0.3	1.7	3	0	-1.0
317	
Timothe Luwawu-Cabarrot
PHI	21	60	22	38	14.7	4.9	1.6	4.1	39.0	0.5	1.6	30.9	1.2	1.5	82.8	0.3	1.5	1.8	0.9	1.0	0.3	0.1	2.1	0	0	-0.2
318	
Shaun Livingston
GSW	31	67	55	12	17.4	4.9	2.2	4.1	53.3	0.0	0.0	0.0	0.5	0.7	66.0	0.3	1.5	1.9	1.7	0.8	0.5	0.2	1.5	0	0	1.3
319	
Toney Douglas
MEM	31	24	15	9	16.4	4.9	1.8	4.9	36.8	0.3	1.8	16.7	1.0	1.2	82.8	0.5	2.0	2.5	2.3	0.9	0.8	0.2	2.1	0	0	0.5
320	
Josh McRoberts
MIA	30	22	6	16	17.3	4.9	2.0	5.4	37.3	0.6	1.4	41.9	0.3	0.4	66.7	1.0	2.3	3.4	2.3	1.0	0.5	0.2	1.4	0	0	-3.3
321	
Aaron Brooks
IND	32	56	31	25	13.4	4.9	1.9	4.5	40.9	0.7	2.0	34.2	0.5	0.6	76.5	0.3	0.8	1.0	2.0	1.0	0.4	0.1	1.3	0	0	-0.5
322	
Chasson Randle
NYK	24	18	4	14	10.0	4.8	1.4	3.3	42.4	0.7	1.7	40.0	1.4	1.4	96.2	0.2	0.8	1.0	1.4	0.3	0.2	0.1	1.3	0	0	0.7
323	
Roy Hibbert
DEN	30	46	23	23	14.7	4.8	1.7	3.2	54.4	0.0	0.0	0.0	1.3	1.6	81.3	1.2	2.1	3.3	0.5	0.7	0.2	1.0	2.2	1	0	-0.3
324	
Taurean Prince
ATL	23	50	22	28	14.2	4.8	1.6	4.1	39.4	0.5	1.4	33.3	1.1	1.3	84.4	0.4	2.1	2.5	0.8	0.9	0.6	0.5	1.3	0	0	-0.6
325	
Isaiah Canaan
CHI	25	37	17	20	15.8	4.8	1.7	4.6	36.7	0.6	2.5	26.4	0.8	0.8	90.3	0.2	1.1	1.3	0.9	0.5	0.6	0.0	0.9	0	0	-2.6
326	
Luke Babbitt
MIA	27	64	33	31	15.7	4.7	1.6	4.2	39.5	1.3	3.1	41.4	0.2	0.2	73.3	0.2	2.0	2.1	0.5	0.4	0.3	0.2	1.7	0	0	-0.2
327	
Aron Baynes
DET	30	70	33	37	15.2	4.7	1.8	3.6	50.6	0.0	0.0	0.0	1.0	1.2	84.9	1.4	2.9	4.3	0.4	0.6	0.2	0.5	2.2	2	0	1.9
328	
Trey Burke
WAS	24	55	34	21	12.1	4.7	1.9	4.4	43.8	0.5	1.1	41.3	0.4	0.5	74.1	0.1	0.7	0.8	1.7	0.8	0.2	0.1	1.0	0	0	-2.6
329	
Lucas Nogueira
TOR	24	54	32	22	19.9	4.7	1.9	2.8	67.3	0.1	0.2	30.0	0.8	1.2	65.7	1.5	2.9	4.4	0.7	0.8	1.0	1.6	2.5	0	0	3.3
330	
Mario Hezonja
ORL	22	56	18	38	13.7	4.6	1.7	4.9	35.4	0.6	2.1	29.4	0.5	0.7	76.3	0.3	1.9	2.1	0.9	0.9	0.4	0.2	1.1	0	0	-3.3
331	
C.J. Watson
ORL	32	58	20	38	16.4	4.6	1.6	3.9	39.7	0.5	1.7	31.6	0.9	1.1	87.1	0.2	1.2	1.4	1.7	0.7	0.7	0.0	1.3	0	0	-2.8
332	
Kris Humphries
ATL	32	50	27	23	11.9	4.5	1.6	3.6	43.4	0.3	0.9	35.6	1.0	1.3	78.8	1.0	2.5	3.5	0.5	0.5	0.2	0.4	1.3	0	0	-1.0
333	
Reggie Williams
NOP	30	6	1	5	13.2	4.5	1.3	3.8	34.8	0.8	1.8	45.5	1.0	1.2	85.7	0.3	0.7	1.0	0.7	0.0	0.5	0.0	0.3	0	0	-4.0
334	
Boris Diaw
UTA	34	64	38	26	17.5	4.5	1.9	4.5	43.5	0.3	1.1	25.0	0.3	0.5	71.0	0.6	1.4	2.1	2.2	1.3	0.2	0.1	1.1	0	0	0.1
335	
Alexis Ajinca
NOP	28	33	14	19	14.1	4.4	1.9	3.9	47.7	0.0	0.1	0.0	0.7	0.9	73.3	1.2	3.2	4.3	0.3	0.7	0.5	0.6	1.8	1	0	-1.2
336	
Stanley Johnson
DET	20	68	32	36	17.0	4.4	1.7	4.6	37.1	0.5	1.9	28.6	0.5	0.8	66.7	0.5	1.9	2.4	1.3	0.8	0.7	0.3	1.6	0	0	-0.6
337	
David Nwaba
LAL	24	13	2	11	16.4	4.4	1.7	3.0	56.4	0.1	0.2	50.0	0.9	1.5	63.2	0.6	1.8	2.5	0.4	0.2	0.3	0.5	1.8	0	0	-0.5
338	
Dorian Finney-Smith
DAL	23	71	31	40	20.0	4.4	1.5	3.9	39.1	0.7	2.3	31.7	0.6	0.8	74.6	0.6	2.0	2.6	0.8	0.6	0.6	0.3	1.6	0	0	-0.8
339	
Pierre Jackson
DAL	25	8	4	4	10.6	4.4	1.6	4.9	33.3	0.4	1.4	27.3	0.8	0.9	85.7	0.1	1.0	1.1	2.4	0.4	0.3	0.0	0.6	0	0	6.9
340	
Jordan McRae
CLE	25	37	26	11	10.4	4.4	1.6	4.1	38.7	0.5	1.4	35.3	0.7	0.9	79.4	0.2	0.9	1.1	0.5	0.4	0.2	0.2	0.8	0	0	-1.6
341	
Ed Davis
POR	27	46	19	27	17.2	4.3	1.6	3.1	52.8	0.0	0.0	0.0	1.1	1.8	61.7	2.1	3.2	5.3	0.6	0.8	0.3	0.5	3.0	3	0	-2.8
342	
David West
GSW	36	59	48	11	12.1	4.3	1.8	3.5	53.4	0.0	0.1	40.0	0.6	0.8	73.5	0.6	2.4	2.9	2.1	1.0	0.7	0.6	1.5	0	0	2.3
343	
Corey Brewer
LAL	31	73	42	31	15.4	4.3	1.7	4.1	41.7	0.4	1.5	23.4	0.5	0.7	71.2	0.4	1.6	2.0	1.1	0.6	0.6	0.3	1.6	0	0	0.6
344	
Donatas Motiejunas
NOP	26	29	14	15	13.8	4.3	1.7	3.7	44.4	0.3	1.3	27.0	0.6	1.3	46.2	0.8	2.4	3.2	0.9	1.0	0.4	0.3	1.8	0	0	-2.5
345	
Boban Marjanovic
DET	28	30	14	16	6.7	4.3	1.5	2.9	52.3	0.0	0.0	0.0	1.2	1.5	80.0	1.0	1.9	3.0	0.2	0.2	0.1	0.3	0.5	2	0	0.4
346	
Kevin Seraphin
IND	27	42	18	24	11.1	4.3	2.1	3.8	55.1	0.0	0.0	0.0	0.1	0.2	50.0	0.9	2.0	2.9	0.5	0.5	0.1	0.4	1.3	0	0	-2.8
347	
Jarell Eddie
PHX	25	4	0	4	11.2	4.3	1.0	2.5	40.0	0.5	2.0	25.0	1.8	1.8	100	0.3	1.0	1.3	0.0	0.3	0.3	0.0	0.3	0	0	-5.5
348	
Pascal Siakam
TOR	22	52	32	20	15.9	4.3	1.9	3.8	50.8	0.0	0.1	16.7	0.4	0.6	68.8	1.2	2.2	3.3	0.3	0.6	0.5	0.8	2.0	0	0	-1.3
349	
Davis Bertans
SAS	24	59	48	11	11.4	4.2	1.4	3.2	43.9	0.9	2.3	39.4	0.5	0.6	81.8	0.3	1.1	1.4	0.7	0.5	0.3	0.4	1.1	0	0	1.7
350	
Kay Felder
CLE	21	38	24	14	9.7	4.1	1.5	3.9	38.9	0.2	0.6	31.8	0.9	1.2	72.3	0.1	0.9	1.0	1.3	0.7	0.4	0.2	1.0	0	0	-1.5
351	
Thomas Robinson
LAL	26	40	10	30	10.5	4.1	1.8	3.3	53.4	0.0	0.0	0.0	0.6	1.1	48.9	1.7	2.7	4.3	0.6	0.7	0.5	0.2	1.5	0	0	-2.6
352	
Jason Terry
MIL	39	65	32	33	18.4	4.1	1.4	3.3	41.8	1.0	2.3	40.8	0.4	0.4	82.8	0.2	1.2	1.4	1.4	0.4	0.7	0.3	1.3	0	0	2.2
353	
Justin Harper
PHI	27	3	1	2	10.4	4.0	1.7	4.0	41.7	0.7	2.3	28.6	0.0	0.0	0.0	0.7	1.0	1.7	0.7	1.3	0.0	0.0	0.7	0	0	-3.7
354	
Noah Vonleh
POR	21	65	32	33	15.5	4.0	1.6	3.4	46.2	0.1	0.3	35.0	0.7	1.2	59.0	1.5	3.4	4.8	0.3	0.9	0.4	0.3	1.9	1	0	-1.4
355	
Jonas Jerebko
BOS	30	70	46	24	16.2	3.9	1.5	3.4	44.4	0.6	1.7	34.7	0.3	0.4	79.3	0.8	2.6	3.4	0.8	0.5	0.4	0.2	1.6	0	0	0.4
356	
Brandon Rush
MIN	31	37	12	25	21.0	3.9	1.4	3.9	36.1	0.9	2.3	38.1	0.2	0.3	75.0	0.3	1.8	2.2	1.0	0.6	0.5	0.5	0.9	0	0	-0.9
357	
Anthony Brown
ORL	24	11	3	8	14.5	3.9	1.6	4.5	36.0	0.6	2.5	25.9	0.0	0.0	0.0	0.7	2.3	3.0	0.7	0.5	0.5	0.1	1.4	0	0	0.4
358	
Jarell Martin
MEM	22	40	23	17	13.4	3.9	1.4	3.6	37.8	0.2	0.6	36.0	1.0	1.2	79.2	0.9	2.9	3.9	0.2	0.7	0.4	0.2	2.3	1	0	-1.3
359	
Kris Dunn
MIN	23	68	27	41	16.9	3.9	1.5	4.0	38.6	0.3	1.0	30.3	0.5	0.8	60.0	0.3	1.9	2.2	2.3	1.2	0.9	0.5	2.2	0	0	-1.6
360	
Adreian Payne
MIN	26	13	4	9	7.7	3.8	1.4	3.2	43.9	0.2	0.8	20.0	0.9	1.2	80.0	0.5	1.2	1.6	0.4	0.5	0.5	0.3	1.9	0	0	-0.5
361	
Patrick McCaw
GSW	21	63	50	13	14.9	3.8	1.4	3.3	43.3	0.6	1.7	34.6	0.4	0.5	74.2	0.3	1.1	1.4	1.0	0.5	0.4	0.2	0.9	0	0	-0.7
362	
Georgios Papagiannis
SAC	19	14	4	10	12.1	3.8	1.7	3.6	47.1	0.0	0.1	0.0	0.4	0.4	100	0.9	2.6	3.5	0.4	0.5	0.1	0.9	1.4	1	0	1.6
363	
Quinn Cook
NOP	24	8	7	1	10.6	3.8	1.5	3.5	42.9	0.8	2.1	35.3	0.0	0.3	0.0	0.0	0.5	0.5	1.8	1.0	0.3	0.0	0.9	0	0	-3.0
364	
KJ McDaniels
BKN	24	43	26	17	9.1	3.7	1.4	3.0	47.3	0.3	1.1	31.3	0.5	0.6	88.5	0.3	1.1	1.4	0.3	0.5	0.3	0.3	1.0	0	0	0.1
365	
Wayne Selden
MEM	22	6	3	3	10.8	3.7	1.2	2.5	46.7	0.7	2.0	33.3	0.7	1.0	66.7	0.0	1.2	1.2	0.2	0.5	0.5	0.0	1.0	0	0	-3.2
366	
Malachi Richardson
SAC	21	22	9	13	9.0	3.6	1.3	3.1	41.2	0.4	1.3	28.6	0.7	0.9	78.9	0.1	0.9	1.0	0.5	0.4	0.2	0.0	1.0	0	0	-0.8
367	
Derrick Jones, Jr.
PHX	20	24	5	19	13.7	3.6	1.5	2.5	57.4	0.0	0.1	0.0	0.7	0.9	72.7	0.7	1.1	1.8	0.3	0.3	0.2	0.5	1.8	0	0	1.3
368	
Cheick Diallo
NOP	20	12	7	5	8.4	3.6	1.5	3.7	40.9	0.0	0.1	0.0	0.6	0.8	70.0	1.1	1.8	2.8	0.3	0.2	0.3	0.3	0.8	1	0	-2.4
369	
Ron Baker
NYK	23	43	10	33	13.3	3.5	1.3	3.4	37.2	0.4	1.4	31.1	0.5	0.8	64.7	0.2	1.4	1.6	1.5	0.9	0.6	0.1	1.2	0	0	-0.6
370	
Dejounte Murray
SAS	20	37	29	8	8.5	3.5	1.3	3.1	42.6	0.2	0.6	39.1	0.6	0.8	70.0	0.2	1.0	1.1	1.3	1.0	0.2	0.2	0.8	0	0	0.1
371	
Johnny O'Bryant III
CHA	23	11	4	7	7.3	3.5	1.4	2.7	50.0	0.3	0.5	50.0	0.5	0.5	83.3	0.8	0.9	1.7	0.5	0.5	0.0	0.1	0.9	0	0	-2.4
372	
Tyus Jones
MIN	20	50	20	30	12.9	3.4	1.2	3.0	40.3	0.5	1.3	35.9	0.6	0.7	78.4	0.2	0.9	1.1	2.4	0.6	0.8	0.1	0.8	0	0	1.1
373	
Tyler Zeller
BOS	27	46	28	18	10.4	3.4	1.5	3.2	48.3	0.0	0.0	0.0	0.4	0.7	53.1	0.9	1.6	2.5	0.8	0.4	0.2	0.5	1.2	1	0	0.3
374	
Paul Pierce
LAC	39	20	11	9	12.2	3.4	1.2	3.0	38.3	0.6	1.8	33.3	0.5	0.6	83.3	0.1	2.0	2.1	0.4	0.7	0.2	0.3	1.7	0	0	1.8
375	
Jared Sullinger
TOR	25	11	2	9	10.7	3.4	1.4	4.3	31.9	0.3	1.6	16.7	0.4	0.7	50.0	0.9	1.5	2.5	0.3	0.4	0.4	0.1	1.5	0	0	-2.7
376	
Thon Maker
MIL	20	48	26	22	8.3	3.4	1.2	2.8	42.2	0.5	1.3	37.7	0.5	0.7	68.6	0.5	1.1	1.6	0.3	0.2	0.2	0.4	1.3	0	0	-1.5
377	
Reggie Bullock
DET	26	26	11	15	13.4	3.3	1.3	3.6	36.2	0.5	1.9	26.0	0.2	0.3	71.4	0.3	1.5	1.9	0.7	0.3	0.5	0.1	0.7	0	0	-0.5
378	
Nicolas Laprovittola
SAS	27	18	15	3	9.7	3.3	1.1	2.6	42.6	0.6	1.5	37.0	0.5	0.5	100	0.1	0.5	0.6	1.6	1.1	0.2	0.1	1.1	0	0	-2.4
379	
Shabazz Napier
POR	25	48	23	25	8.9	3.3	1.1	2.9	38.4	0.5	1.6	34.2	0.5	0.7	72.7	0.1	0.9	1.0	1.3	0.7	0.6	0.0	0.6	0	0	0.4
380	
Wade Baldwin IV
MEM	20	25	15	10	12.4	3.2	1.0	3.4	30.6	0.1	0.7	11.1	1.1	1.3	84.4	0.3	1.0	1.3	2.0	1.2	0.5	0.2	1.2	0	0	-4.0
381	
Alan Anderson
LAC	34	26	16	10	11.2	3.2	1.1	2.9	38.2	0.5	1.6	31.7	0.5	0.6	75.0	0.1	0.8	0.9	0.4	0.3	0.1	0.0	1.1	0	0	-2.2
382	
Dragan Bender
PHX	19	38	11	27	12.7	3.2	1.2	3.3	37.1	0.7	2.1	32.1	0.1	0.2	37.5	0.4	1.7	2.2	0.4	0.7	0.2	0.5	1.6	1	0	0.0
383	
Rashad Vaughn
MIL	20	35	16	19	10.6	3.2	1.3	3.5	36.1	0.6	1.9	32.4	0.0	0.1	50.0	0.1	1.2	1.3	0.4	0.3	0.4	0.3	0.7	0	0	-0.9
384	
Okaro White
MIA	24	26	20	6	14.0	3.2	1.0	2.6	38.8	0.4	0.9	41.7	0.8	0.8	90.9	0.9	1.8	2.7	0.6	0.6	0.3	0.3	1.7	0	0	2.2
385	
Jose Calderon
ATL	35	32	9	23	12.3	3.1	1.2	3.0	39.2	0.4	1.5	29.8	0.3	0.3	90.0	0.3	1.3	1.7	2.0	1.0	0.3	0.0	1.0	0	0	-3.4
386	
Kyle Anderson
SAS	23	62	48	14	13.0	3.1	1.1	2.6	44.0	0.2	0.5	41.9	0.6	0.7	80.4	0.4	2.2	2.6	1.2	0.5	0.6	0.4	0.7	0	0	2.2
387	
Jarrett Jack
NOP	33	2	1	1	16.5	3.0	1.0	1.5	66.7	0.0	0.5	0.0	1.0	1.0	100	0.0	0.0	0.0	2.5	1.5	1.0	0.0	2.0	0	0	-3.0
388	
Chinanu Onuaku
HOU	20	2	1	1	4.9	3.0	1.0	1.0	100	0.0	0.0	0.0	1.0	1.0	100	0.5	1.0	1.5	0.5	0.0	0.5	0.0	0.5	0	0	-6.0
389	
Fred VanVleet
TOR	23	32	21	11	8.1	2.9	1.1	3.1	34.7	0.3	0.8	38.5	0.5	0.6	88.9	0.1	1.0	1.1	0.9	0.4	0.5	0.1	1.0	0	0	1.8
390	
Andrew Bogut
CLE	32	27	8	19	21.6	2.9	1.4	3.0	46.9	0.0	0.0	0.0	0.1	0.4	27.3	2.1	6.0	8.1	1.8	1.6	0.5	0.9	3.2	0	0	-1.3
391	
Lavoy Allen
IND	28	54	28	26	14.5	2.9	1.3	2.9	45.5	0.0	0.0	0.0	0.3	0.5	66.7	1.6	1.9	3.5	1.0	0.4	0.3	0.4	1.2	2	0	-2.1
392	
Brian Roberts
CHA	31	33	14	19	8.7	2.9	0.8	2.4	35.4	0.4	0.9	41.9	0.8	0.9	87.1	0.1	0.8	0.9	1.2	0.5	0.2	0.0	0.4	0	0	-1.6
393	
Tyler Ennis
LAL	22	44	23	21	7.9	2.9	1.2	2.9	40.6	0.3	0.8	30.6	0.3	0.3	84.6	0.2	0.6	0.8	1.3	0.7	0.4	0.0	1.0	0	0	-0.6
394	
James Michael McAdoo
GSW	24	43	35	8	8.7	2.9	1.2	2.2	56.4	0.0	0.1	0.0	0.4	0.8	47.2	0.6	1.1	1.7	0.4	0.4	0.3	0.6	1.0	0	0	-1.5
395	
Semaj Christon
OKC	24	54	30	24	14.4	2.8	1.2	3.4	35.1	0.2	0.9	17.6	0.2	0.5	48.1	0.3	1.0	1.3	2.1	0.7	0.4	0.1	1.2	0	0	-1.9
396	
Wesley Johnson
LAC	29	65	37	28	11.9	2.8	1.1	3.0	37.0	0.4	1.7	25.7	0.2	0.3	64.7	0.4	2.3	2.7	0.3	0.3	0.4	0.4	1.3	0	0	-0.8
397	
Darrun Hilliard
DET	23	33	17	16	9.5	2.8	1.0	3.1	32.4	0.3	1.2	23.7	0.5	0.7	70.8	0.1	0.8	0.9	0.8	0.6	0.2	0.0	0.9	0	0	-0.1
398	
James Jones
CLE	36	43	26	17	7.5	2.8	0.9	1.7	53.4	0.7	1.3	55.6	0.3	0.4	64.7	0.0	0.6	0.7	0.3	0.2	0.1	0.2	0.8	0	0	-2.0
399	
Briante Weber
CHA	24	16	11	5	9.1	2.8	1.3	2.8	45.5	0.0	0.4	0.0	0.3	0.4	66.7	0.4	0.9	1.3	1.0	0.3	0.6	0.1	0.8	0	0	-1.4
400	
Andrew Nicholson
BKN	27	35	19	16	8.6	2.7	1.2	2.9	40.2	0.1	0.7	20.8	0.3	0.4	64.3	0.4	1.2	1.6	0.3	0.4	0.4	0.2	1.3	0	0	-2.3
401	
Omer Asik
NOP	30	31	12	19	15.6	2.7	1.0	2.1	47.7	0.0	0.0	0.0	0.7	1.3	59.0	1.5	3.7	5.3	0.5	0.5	0.2	0.3	1.6	1	0	-1.9
402	
Marcelo Huertas
LAL	33	23	5	18	10.3	2.7	1.1	3.0	36.8	0.2	0.8	21.1	0.4	0.7	52.9	0.1	1.0	1.0	2.3	0.8	0.4	0.1	0.7	0	0	-1.9
403	
DeAndre' Bembry
ATL	22	32	15	17	9.5	2.7	1.3	2.7	47.1	0.0	0.5	0.0	0.2	0.4	42.9	0.3	1.1	1.4	0.7	0.3	0.2	0.1	0.5	0	0	-1.8
404	
Miles Plumlee
CHA	28	37	16	21	10.2	2.6	1.0	2.1	48.1	0.0	0.0	0.0	0.6	0.9	62.9	0.8	1.2	2.0	0.5	0.7	0.3	0.3	1.5	0	0	-1.4
405	
Malik Beasley
DEN	20	19	9	10	4.7	2.6	1.0	2.3	43.2	0.3	0.9	35.3	0.3	0.4	75.0	0.1	0.4	0.5	0.3	0.3	0.2	0.0	0.3	0	0	1.5
406	
Norris Cole
OKC	28	8	2	6	7.9	2.6	1.1	3.4	33.3	0.1	0.6	20.0	0.3	0.3	100	0.0	0.6	0.6	1.3	0.9	0.3	0.0	0.8	0	0	-1.8
407	
Christian Wood
CHA	21	12	5	7	7.8	2.6	0.8	1.7	50.0	0.0	0.4	0.0	0.9	1.1	84.6	1.1	1.1	2.2	0.2	0.5	0.3	0.5	0.8	0	0	2.1
408	
James Young
BOS	21	25	14	11	8.0	2.6	1.0	2.2	44.4	0.4	1.2	35.5	0.2	0.3	71.4	0.2	0.7	1.0	0.2	0.2	0.3	0.0	0.5	0	0	-0.7
409	
Kevon Looney
GSW	21	52	43	9	8.5	2.6	1.1	2.0	52.4	0.0	0.2	22.2	0.4	0.7	61.8	0.8	1.5	2.3	0.6	0.3	0.3	0.3	1.2	0	0	-0.3
410	
Salah Mejri
DAL	30	65	27	38	12.5	2.6	1.1	1.7	62.7	0.0	0.0	0.0	0.4	0.7	60.9	1.3	3.0	4.3	0.2	0.6	0.5	0.9	2.1	1	0	-0.5
411	
Tomas Satoransky
WAS	25	53	32	21	12.2	2.5	1.0	2.4	41.4	0.2	0.6	25.8	0.4	0.6	67.7	0.5	1.0	1.5	1.5	0.6	0.5	0.1	1.1	1	0	0.3
412	
DeAndre Liggins
CLE	28	55	36	19	13.0	2.5	0.9	2.3	38.8	0.3	0.8	38.6	0.4	0.6	65.7	0.3	1.4	1.7	1.0	0.7	0.8	0.3	1.3	0	0	0.7
413	
Jakob Poeltl
TOR	21	45	31	14	11.3	2.5	1.0	1.9	51.7	0.0	0.0	0.0	0.5	0.9	57.1	1.4	1.6	3.0	0.2	0.6	0.3	0.3	2.0	0	0	0.2
414	
Jeff Withey
UTA	27	43	27	16	8.5	2.5	0.9	1.9	50.0	0.0	0.0	0.0	0.7	0.8	77.8	1.0	1.4	2.3	0.1	0.3	0.3	0.6	1.0	0	0	-1.1
415	
Mike Scott
ATL	28	18	7	11	10.8	2.5	0.9	3.3	28.8	0.2	1.5	14.8	0.4	0.4	87.5	0.6	1.5	2.1	0.9	0.4	0.2	0.2	0.7	0	0	-2.3
416	
Raul Neto
UTA	24	38	23	15	8.3	2.5	1.0	2.2	46.4	0.2	0.7	33.3	0.2	0.2	88.9	0.1	0.6	0.7	0.8	0.4	0.5	0.1	1.1	0	0	1.6
417	
Sheldon McClellan
WAS	24	29	17	12	8.7	2.5	0.8	2.2	37.5	0.2	0.9	23.1	0.6	0.7	85.7	0.1	0.9	1.0	0.5	0.1	0.3	0.1	0.6	0	0	-1.7
418	
Sasha Vujacic
NYK	33	33	10	23	7.8	2.4	0.8	2.3	33.8	0.4	1.3	32.6	0.4	0.5	82.4	0.1	1.0	1.1	0.7	0.4	0.3	0.1	0.8	0	0	0.4
419	
Rakeem Christmas
IND	25	22	10	12	8.3	2.4	0.8	1.7	47.4	0.0	0.0	0.0	0.8	1.0	81.0	1.1	1.2	2.3	0.1	0.3	0.1	0.2	1.4	0	0	-1.0
420	
Chris McCullough
WAS	22	15	1	14	4.9	2.4	1.1	2.1	51.6	0.1	0.4	16.7	0.2	0.3	60.0	0.6	0.5	1.1	0.1	0.1	0.1	0.1	0.5	0	0	2.9
421	
Chris Andersen
CLE	38	12	8	4	9.5	2.3	0.8	1.8	40.9	0.0	0.3	0.0	0.8	1.2	71.4	0.8	1.8	2.6	0.4	0.4	0.4	0.6	1.7	0	0	0.7
422	
Greivis Vasquez
BKN	30	3	1	2	12.9	2.3	0.7	2.7	25.0	0.3	1.0	33.3	0.7	1.0	66.7	0.0	0.7	0.7	1.7	0.3	0.3	0.3	2.0	0	0	-4.3
423	
Joe Young
IND	24	29	15	14	4.5	2.1	0.8	2.4	34.8	0.2	0.8	21.7	0.3	0.4	69.2	0.0	0.4	0.5	0.5	0.2	0.1	0.0	0.2	0	0	-2.1
424	
Maurice Ndour
NYK	24	23	6	17	7.2	2.1	0.8	1.8	45.2	0.0	0.2	20.0	0.4	0.5	83.3	0.4	1.0	1.3	0.1	0.3	0.4	0.1	0.8	0	0	0.4
425	
Kyle Singler
OKC	28	28	13	15	10.2	2.1	0.8	2.0	40.0	0.2	0.9	23.1	0.3	0.4	81.8	0.1	1.0	1.1	0.2	0.4	0.1	0.1	0.8	0	0	0.4
426	
Udonis Haslem
MIA	36	15	5	10	8.6	2.1	0.7	1.5	50.0	0.0	0.1	0.0	0.6	1.0	60.0	0.5	1.8	2.3	0.4	0.5	0.4	0.1	1.4	0	0	-4.3
427	
Jake Layman
POR	23	30	13	17	5.8	2.0	0.6	2.1	30.2	0.3	1.4	24.4	0.4	0.6	76.5	0.1	0.4	0.5	0.2	0.2	0.2	0.1	0.6	0	0	0.2
428	
Manny Harris
DAL	27	4	1	3	6.2	2.0	0.8	3.8	20.0	0.0	0.5	0.0	0.5	1.0	50.0	0.8	1.5	2.3	0.5	0.5	0.0	0.0	0.3	0	0	-5.3
429	
Edy Tavares
ATL	25	1	1	0	3.6	2.0	1.0	1.0	100	0.0	0.0	0.0	0.0	2.0	0.0	0.0	1.0	1.0	0.0	0.0	0.0	0.0	0.0	0	0	6.0
430	
Gary Neal
ATL	32	2	1	1	9.2	2.0	0.0	3.5	0.0	0.0	1.0	0.0	2.0	2.0	100	0.0	0.5	0.5	0.5	0.0	0.0	0.0	0.5	0	0	-2.5
431	
Demetrius Jackson
BOS	22	5	1	4	3.4	2.0	0.6	0.8	75.0	0.2	0.2	100	0.6	1.2	50.0	0.4	0.4	0.8	0.6	0.0	0.0	0.0	0.0	0	0	0.2
432	
Damjan Rudez
ORL	30	41	12	29	7.3	1.9	0.7	2.0	34.9	0.5	1.5	31.7	0.0	0.0	0.0	0.1	0.5	0.6	0.5	0.2	0.3	0.0	0.7	0	0	-1.5
433	
Nicolas Brussino
DAL	24	46	16	30	7.3	1.8	0.7	1.8	36.1	0.3	1.2	28.6	0.2	0.2	70.0	0.4	1.0	1.4	0.6	0.3	0.3	0.2	0.7	0	0	-1.1
434	
Lamar Patterson
ATL	25	5	1	4	8.1	1.8	0.6	3.0	20.0	0.2	1.2	16.7	0.4	0.6	66.7	0.2	1.2	1.4	1.2	0.8	0.2	0.0	1.2	0	0	2.6
435	
Pat Connaughton
POR	24	34	15	19	6.8	1.8	0.6	1.3	48.9	0.3	0.5	50.0	0.2	0.3	77.8	0.3	0.8	1.1	0.5	0.4	0.1	0.1	0.5	0	0	-0.4
436	
John Jenkins
PHX	26	4	0	4	3.2	1.8	0.5	1.3	40.0	0.3	0.5	50.0	0.5	0.5	100	0.0	0.3	0.3	0.3	0.0	0.0	0.0	0.0	0	0	2.3
437	
Deyonta Davis
MEM	20	31	20	11	6.2	1.7	0.7	1.3	53.7	0.0	0.0	0.0	0.3	0.6	55.6	0.5	1.1	1.7	0.1	0.3	0.0	0.5	1.0	0	0	-0.3
438	
Cole Aldrich
MIN	28	60	23	37	8.5	1.7	0.7	1.3	53.8	0.0	0.0	0.0	0.3	0.4	68.2	0.8	1.7	2.6	0.4	0.3	0.4	0.4	1.4	1	0	-0.8
439	
Damian Jones
GSW	21	9	6	3	7.3	1.7	0.7	1.4	46.2	0.0	0.0	0.0	0.3	0.9	37.5	1.0	0.8	1.8	0.0	0.6	0.1	0.2	1.3	0	0	-1.8
440	
Jordan Hill
MIN	29	6	2	4	6.8	1.7	0.7	1.8	36.4	0.0	0.0	0.0	0.3	0.3	100	1.2	1.0	2.2	0.0	0.5	0.2	0.0	1.5	0	0	1.0
441	
Bryn Forbes
SAS	23	28	20	8	6.1	1.6	0.6	1.8	36.0	0.3	0.9	30.8	0.1	0.1	66.7	0.0	0.4	0.5	0.2	0.1	0.0	0.0	0.4	0	0	-1.7
442	
Jordan Mickey
BOS	22	23	9	14	5.9	1.6	0.7	1.4	45.5	0.0	0.0	0.0	0.3	0.5	58.3	0.6	0.8	1.4	0.3	0.4	0.1	0.2	0.5	0	0	-2.4
443	
Joel Bolomboy
UTA	23	10	6	4	3.5	1.6	0.7	1.2	58.3	0.0	0.2	0.0	0.2	0.4	50.0	0.1	1.0	1.1	0.2	0.2	0.1	0.1	0.1	0	0	0.5
444	
Nick Collison
OKC	36	15	6	9	6.0	1.5	0.6	0.9	69.2	0.0	0.0	0.0	0.3	0.5	62.5	0.4	0.9	1.3	0.7	0.3	0.1	0.1	0.8	0	0	-0.3
445	
Jarnell Stokes
DEN	23	2	0	2	3.3	1.5	0.5	0.5	100	0.0	0.0	0.0	0.5	1.0	50.0	0.5	0.5	1.0	1.0	0.0	0.5	0.0	1.5	0	0	0.0
446	
Henry Ellenson
DET	20	14	6	8	4.0	1.5	0.6	1.6	34.8	0.3	1.0	28.6	0.1	0.1	100	0.1	0.7	0.9	0.3	0.4	0.0	0.0	0.2	0	0	-1.1
447	
Tim Quarterman
POR	22	13	4	9	3.4	1.5	0.6	1.0	61.5	0.2	0.5	50.0	0.0	0.0	0.0	0.2	0.3	0.5	0.6	0.3	0.1	0.2	0.3	0	0	0.8
448	
Diamond Stone
LAC	20	7	6	1	3.5	1.4	0.4	1.9	23.1	0.0	0.0	0.0	0.6	0.6	100	0.1	0.7	0.9	0.0	0.3	0.0	0.1	0.7	0	0	-3.9
449	
AJ Hammons
DAL	24	17	3	14	4.5	1.4	0.5	1.3	40.9	0.2	0.4	66.7	0.1	0.6	20.0	0.3	0.9	1.2	0.1	0.2	0.0	0.4	0.6	0	0	1.8
450	
Bobby Brown
HOU	32	22	16	6	3.0	1.4	0.5	1.6	33.3	0.3	0.9	35.0	0.0	0.0	0.0	0.0	0.2	0.2	0.1	0.1	0.0	0.0	0.1	0	0	-1.2
451	
Treveon Graham
CHA	23	24	10	14	5.9	1.3	0.4	1.0	37.5	0.3	0.4	60.0	0.3	0.5	66.7	0.1	0.5	0.7	0.2	0.1	0.1	0.0	0.7	0	0	-0.4
452	
Stephen Zimmerman
ORL	20	16	6	10	5.5	1.3	0.6	1.6	36.0	0.0	0.0	0.0	0.2	0.3	60.0	0.6	1.3	1.9	0.2	0.1	0.1	0.2	0.8	0	0	-1.4
453	
Anderson Varejao
GSW	34	14	12	2	6.6	1.3	0.4	1.0	35.7	0.0	0.0	0.0	0.6	0.8	72.7	0.9	1.1	1.9	0.7	0.6	0.2	0.2	1.1	0	0	-2.1
454	
Mike Miller
DEN	37	17	6	11	5.4	1.2	0.4	0.9	40.0	0.4	0.8	46.2	0.1	0.1	100	0.1	1.2	1.3	0.7	0.5	0.1	0.0	0.4	0	0	-1.0
455	
Joel Anthony
SAS	34	16	13	3	5.4	1.1	0.5	0.9	57.1	0.0	0.0	0.0	0.1	0.1	100	0.4	0.9	1.4	0.1	0.2	0.1	0.3	0.6	0	0	-1.4
456	
Kyle Wiltjer
HOU	24	12	10	2	3.2	1.1	0.3	1.1	30.8	0.3	1.0	33.3	0.1	0.2	50.0	0.3	0.5	0.8	0.2	0.3	0.3	0.1	0.3	0	0	-2.2
457	
Marshall Plumlee
NYK	24	14	4	10	7.1	1.1	0.4	0.8	45.5	0.0	0.0	0.0	0.4	0.9	41.7	0.7	1.1	1.8	0.6	0.6	0.1	0.2	0.9	0	0	-0.2
458	
Metta World Peace
LAL	37	20	4	16	4.4	1.1	0.3	1.5	20.7	0.1	0.9	11.8	0.4	0.6	58.3	0.2	0.4	0.6	0.4	0.2	0.2	0.1	0.7	0	0	-3.3
459	
Mike Tobey
CHA	22	2	0	2	12.6	1.0	0.5	2.0	25.0	0.0	0.0	0.0	0.0	0.0	0.0	1.0	0.5	1.5	0.5	0.5	0.0	0.0	1.0	0	0	-8.5
460	
Brice Johnson
LAC	22	2	0	2	3.3	1.0	0.5	2.0	25.0	0.0	0.0	0.0	0.0	0.0	0.0	0.5	1.0	1.5	0.5	0.5	0.5	0.5	0.0	0	0	5.5
461	
Georges Niang
IND	23	22	11	11	4.1	1.0	0.4	1.6	25.0	0.0	0.5	8.3	0.1	0.1	100	0.1	0.6	0.7	0.2	0.2	0.1	0.0	0.3	0	0	-0.1
462	
Daniel Ochefu
WAS	23	17	12	5	3.3	0.9	0.5	1.1	42.1	0.0	0.0	0.0	0.0	0.1	0.0	0.1	0.9	1.1	0.1	0.2	0.1	0.0	0.9	0	0	-1.4
463	
Ryan Kelly
ATL	25	14	5	9	4.9	0.9	0.3	1.1	26.7	0.1	0.4	33.3	0.2	0.3	75.0	0.0	0.9	0.9	0.4	0.2	0.3	0.1	0.3	0	0	-0.1
464	
CJ Wilcox
ORL	26	21	8	13	5.0	0.9	0.3	1.4	23.3	0.1	0.7	14.3	0.1	0.1	100	0.2	0.4	0.6	0.6	0.3	0.1	0.0	0.3	0	0	-0.8
465	
Alonzo Gee
DEN	29	13	4	9	6.9	0.8	0.2	1.1	21.4	0.0	0.2	0.0	0.4	0.7	55.6	0.3	0.8	1.1	0.5	0.3	0.4	0.1	1.1	0	0	-1.4
466	
Ronnie Price
PHX	33	6	2	4	6.8	0.7	0.2	0.8	20.0	0.2	0.5	33.3	0.2	0.3	50.0	0.2	0.5	0.7	0.3	0.2	0.7	0.0	0.3	0	0	-0.8
467	
Steve Novak
MIL	33	8	6	2	2.7	0.6	0.3	0.9	28.6	0.1	0.8	16.7	0.0	0.0	0.0	0.0	0.4	0.4	0.0	0.0	0.0	0.0	0.1	0	0	0.0
468	
Arinze Onuaku
ORL	29	8	3	5	3.5	0.5	0.3	0.5	50.0	0.0	0.0	0.0	0.0	0.0	0.0	0.3	0.5	0.8	0.3	0.3	0.0	0.1	0.4	0	0	-1.9
469	
Michael Gbinije
DET	24	9	7	2	3.5	0.4	0.1	1.1	10.0	0.0	0.4	0.0	0.2	0.2	100	0.2	0.1	0.3	0.2	0.0	0.0	0.0	0.2	0	0	-0.3
470	
John Lucas III
MIN	34	5	3	2	2.1	0.4	0.2	0.8	25.0	0.0	0.2	0.0	0.0	0.0	0.0	0.0	0.0	0.0	0.2	0.0	0.4	0.0	0.0	0	0	2.4
471	
Bruno Caboclo
TOR	21	8	7	1	2.9	0.4	0.1	0.6	20.0	0.1	0.4	33.3	0.0	0.0	0.0	0.4	0.4	0.8	0.4	0.3	0.3	0.0	0.4	0	0	0.5
472	
Aaron Harrison
CHA	22	5	2	3	3.3	0.2	0.0	0.8	0.0	0.0	0.4	0.0	0.2	0.4	50.0	0.0	0.6	0.6	0.6	0.0	0.0	0.0	0.4	0	0	-1.0
473	
Larry Sanders
CLE	28	2	1	1	2.2	0.0	0.0	0.5	0.0	0.0	0.0	0.0	0.0	0.0	0.0	0.0	0.0	0.0	0.0	0.0	0.0	0.0	1.0	0	0	-3.0
474	
Axel Toupane
MIL	24	2	1	1	3.0	0.0	0.0	0.5	0.0	0.0	0.5	0.0	0.0	0.0	0.0	0.0	0.0	0.0	0.0	0.0	0.0	0.0	0.5	0	0	-4.5
475	
Ben Bentil
DAL	21	3	2	1	3.3	0.0	0.0	1.0	0.0	0.0	0.3	0.0	0.0	0.0	0.0	0.0	0.7	0.7	0.0	0.3	0.0	0.0	0.3	0	0	-4.0
476	
RJ Hunter
CHI	23	3	2	1	3.1	0.0	0.0	0.3	0.0	0.0	0.3	0.0	0.0	0.0	0.0	0.0	0.3	0.3	0.0	0.0	0.0	0.0	0.0	0	0	-3.3
477	
Danuel House
WAS	23	1	0	1	0.8	0.0	0.0	0.0	0.0	0.0	0.0	0.0	0.0	0.0	0.0	0.0	1.0	1.0	0.0	0.0	0.0	0.0	0.0	0	0	0.0
477	
Jarrod Uthoff
DAL	23	2	1	1	2.3	0.0	0.0	0.5	0.0	0.0	0.0	0.0	0.0	0.0	0.0	0.5	0.0	0.5	0.0	0.0	0.0	0.5	1.0	0	0	-3.0